,403_DC,403_DL,405_DC,405_DL,407_DC,407_DL,408_DC,408_DL,411_DC,411_DL,412_DC,412_DL,414_DC,414_DL,420_DC,420_DL,425_DC,425_DL,427_DC,427_DL,428_DC,428_DL,431_DC,431_DL,432_DC,432_DL,433_DC,433_DL,437_DC,437_DL,438_DC,438_DL,439_DC,439_DL,444_DC,444_DL,449_DC,449_DL,450_DC,450_DL,451_DC,451_DL,452_DC,452_DL,456_DC,456_DL,459_DC,459_DL,461_DC,463_DC,463_DL,464_DC,464_DL,465_DC,465_DL,466_DC,466_DL,471_DC,471_DL,472_DC,472_DL,475_DC,475_DL,476_DC,476_DL,478_DC,478_DL,481_DC,481_DL,482_DC,482_DL,484_DC,484_DL,485_DC,485_DL,489_DC,489_DL,495_DC,495_DL,500_DC,500_DL,505_DC,505_DL,509_DC,509_DL,510_DC,510_DL,515_DC,515_DL,517_DC,517_DL,518_DC,518_DL,519_DC,519_DL,521_DC,521_DL,522_DC,522_DL,524_DC,524_DL,528_DC,528_DL,532_DC,532_DL,534_DC,534_DL,535_DC,535_DL,536_DC,536_DL,538_DC,538_DL,541_DC,541_DL,542_DC,542_DL,547_DC,547_DL,548_DC,548_DL,549_DC,549_DL,553_DC,553_DL,555_DC,555_DL,562_DC,562_DL,564_DC,564_DL,568_DC,568_DL,571_DC,571_DL,572_DC,572_DL,573_DC,573_DL,577_DC,577_DL,578_DC,578_DL,579_DC,579_DL,580_DC,580_DL,584_DC,584_DL,590_DC,590_DL,592_DC,592_DL
403_DC,0,0.516211003,0.455578129,0.525153543,0.542181432,0.395945538,0.525237781,0.602593779,0.454535413,0.536249327,0.404273056,0.504862457,0.174485412,0.657446992,0.401385257,0.565790316,0.649020761,0.630637028,0.619912996,0.664394407,0.327388329,0.575811743,0.5843345,0.599645551,0.522566656,0.666861939,0.449021854,0.606100948,0.433118902,0.625600932,0.571739263,0.608892567,0.421651332,0.443145634,0.441267163,0.514131692,0.434130098,0.701558782,0.660361395,0.627299949,0.678050954,0.684498769,0.332716772,0.459812224,0.622347208,0.620807128,0.836843221,0.659987661,0.627121692,0.378657417,0.60702166,0.418458981,0.602683032,0.396431228,0.538806361,0.275948302,0.645840757,0.451742345,0.634751016,0.474117443,0.543039592,0.873182758,0.556185877,0.342314266,0.510147612,0.421762916,0.579234083,0.485729775,0.505935516,0.375127711,0.610024024,0.3600889,0.618875015,0.199178416,0.563006832,0.29631744,0.522933607,0.354718845,0.505925665,0.613877366,0.551537033,0.349085057,0.59269038,0.361315037,0.612323277,0.39775416,0.553425282,0.732316816,0.768819612,0.48142304,0.576805931,0.581693112,0.664469308,0.444906699,0.634275123,0.567027769,0.616820558,0.264484056,0.479560272,0.551055449,0.628901115,0.285425576,0.6160962,0.562988318,0.684663477,0.387067313,0.574822778,0.514633306,0.61738534,0.288210508,0.545469077,0.365927229,0.622258094,0.694470944,0.546595937,0.466529956,0.562399715,0.383077247,0.481573597,0.324409064,0.54254559,0.422988316,0.609028246,0.340453467,0.605820914,0.222781995,0.501614491,0.534804985,0.612968111,0.375373228,0.603815414,0.597851937,0.645551487,0.363304581,0.562253942,0.492577107,0.594545112,0.250748341,0.65870353,0.477807541,0.642570926,0.362900793,0.590778278,0.652353454,0.609507362,0.387634225,0.602553957,0.476263064,0.528125979,0.353862661,0.587781424,0.346894522,0.494320155
403_DL,0.516211003,0,0.406602163,0.389782256,0.409103885,0.290104695,0.279423001,0.484081034,0.600585208,0.423837435,0.566010277,0.308537308,0.468577371,0.699518058,0.473125977,0.478447731,0.415633005,0.423168623,0.608953734,0.700598273,0.538578027,0.540092675,0.399856489,0.535086774,0.519297106,0.608120744,0.420056277,0.402056532,0.484936406,0.335251933,0.542199874,0.636534452,0.565377985,0.261297831,0.609527198,0.349885471,0.42670259,0.66310516,0.576909599,0.648393127,0.580217973,0.439274885,0.517019679,0.159666996,0.615587009,0.499155486,0.666838859,0.384276972,0.555571034,0.550928068,0.492365225,0.533610809,0.386034147,0.534795602,0.355504057,0.386037601,0.321025609,0.44252783,0.48651048,0.277554622,0.396092434,0.630621855,0.381062281,0.538926824,0.371387387,0.436982339,0.342404537,0.482730059,0.343505877,0.560410815,0.596305452,0.456351494,0.394143414,0.453632142,0.418564545,0.548517376,0.365765091,0.362657881,0.509079424,0.282118755,0.337665158,0.498304625,0.414225343,0.481524504,0.443893736,0.490437575,0.306671385,0.70214732,0.654785382,0.626661284,0.483149171,0.505369254,0.395558407,0.43176072,0.467105932,0.601174545,0.540558191,0.443142137,0.404626039,0.214563404,0.442048694,0.465281508,0.580582081,0.629459419,0.591899099,0.464644963,0.512223709,0.510657264,0.498957641,0.39510938,0.505403784,0.501753809,0.360026518,0.673194765,0.487262591,0.274475215,0.412014867,0.436409089,0.39112402,0.466272512,0.311466865,0.563814206,0.492353695,0.501174857,0.486677999,0.5211473,0.443595219,0.467598191,0.51042628,0.566292788,0.381661908,0.601362608,0.660997711,0.513208255,0.473466572,0.293727469,0.568295048,0.395966771,0.361484518,0.326404298,0.335296424,0.378352645,0.213584248,0.522351326,0.420093007,0.451387425,0.558565656,0.352210583,0.524635993,0.427106176,0.308326867,0.580701036,0.137119707
405_DC,0.455578129,0.406602163,0,0.381691936,0.421853584,0.364304834,0.407205181,0.426977677,0.524849572,0.442229873,0.458971374,0.382765455,0.458228037,0.618386005,0.507159767,0.372726194,0.589913712,0.558350449,0.55612944,0.660514784,0.490924617,0.45413769,0.533606394,0.489550343,0.466198866,0.547699475,0.371164152,0.485480561,0.465911071,0.507134734,0.530105605,0.565476047,0.531446609,0.401601015,0.570938921,0.284561937,0.467126379,0.619281508,0.591499047,0.595080465,0.556654574,0.479087626,0.427563502,0.364311806,0.49710003,0.448289294,0.723893948,0.567626961,0.52447872,0.441053224,0.441840014,0.484120555,0.42908158,0.489801046,0.331707015,0.377590573,0.487905232,0.431784212,0.534756372,0.307726147,0.339664039,0.767313765,0.385364389,0.424005185,0.522514128,0.411090917,0.503943141,0.467691788,0.513093835,0.465757334,0.510585326,0.474992037,0.487493637,0.493596063,0.56756694,0.44301039,0.330096611,0.425766595,0.456535638,0.526913765,0.56954239,0.501282535,0.465445612,0.474728748,0.64036085,0.490649655,0.489042558,0.790989648,0.708760626,0.560727691,0.38377986,0.445665336,0.52306622,0.489398182,0.529591167,0.509778819,0.491958441,0.550867659,0.535779114,0.466048528,0.524345983,0.499041225,0.507658877,0.564030872,0.616136478,0.490116173,0.477671931,0.508847533,0.412231985,0.412613197,0.543356315,0.544980629,0.456686649,0.777778653,0.430952927,0.378060508,0.474690367,0.469948103,0.266897583,0.374802029,0.489764229,0.585204141,0.476617594,0.470081156,0.546768586,0.513628189,0.420991752,0.472740131,0.489077613,0.463323524,0.440050657,0.550703451,0.622592975,0.427315118,0.481367739,0.439246754,0.514872114,0.444344405,0.509709576,0.398162645,0.555866037,0.520008768,0.493019417,0.56479199,0.547081323,0.434521252,0.432998278,0.427491852,0.527937152,0.464884054,0.529623201,0.460540855,0.397305288
405_DL,0.525153543,0.389782256,0.381691936,0,0.378569862,0.362600158,0.439417061,0.308198231,0.514226065,0.341208784,0.560006732,0.2213307,0.486419085,0.576685048,0.390499115,0.323285078,0.546419906,0.437037663,0.492207436,0.58947836,0.480216463,0.463624082,0.504289497,0.451840393,0.446808893,0.437078388,0.406828802,0.420832349,0.388063658,0.417375211,0.444897108,0.551783188,0.537124049,0.345983336,0.529503986,0.291553409,0.468379321,0.559430284,0.512192198,0.538926363,0.465635927,0.373249018,0.534020344,0.357318697,0.414728906,0.391287071,0.75437462,0.415397268,0.605014599,0.546910296,0.449131357,0.601254398,0.335078938,0.485813059,0.369568716,0.409097364,0.425186907,0.546130699,0.443094795,0.261388261,0.231686994,0.760281863,0.250288879,0.50943586,0.44624567,0.402951427,0.32585523,0.442588679,0.438565804,0.517181672,0.501899542,0.512333765,0.48761318,0.531484983,0.502227171,0.576373937,0.36527003,0.381686984,0.393783372,0.469875809,0.544411997,0.52242072,0.314833618,0.497862233,0.523356925,0.436279402,0.410465451,0.803067869,0.733207348,0.545437767,0.336527003,0.578413909,0.491450139,0.476844521,0.415822653,0.518194978,0.425043005,0.538538478,0.497399794,0.352327814,0.450257193,0.521578799,0.501317285,0.515065234,0.49939734,0.435274628,0.395254506,0.497052443,0.36263583,0.469715983,0.52153649,0.491249489,0.375889834,0.797440753,0.435100716,0.378616845,0.47654814,0.441391749,0.433805311,0.43796944,0.412716818,0.530534092,0.407120113,0.535118911,0.404961559,0.523180711,0.430072824,0.421787029,0.353712399,0.494546065,0.316877041,0.476957821,0.523801148,0.472688202,0.510797014,0.309201068,0.506556859,0.509900759,0.538459258,0.412699539,0.49965172,0.476832776,0.425206954,0.456398508,0.436444524,0.441904102,0.423010129,0.333931864,0.506569734,0.476680324,0.424664192,0.511414282,0.320952158
407_DC,0.542181432,0.409103885,0.421853584,0.378569862,0,0.441417312,0.460200376,0.401998338,0.569652789,0.461594713,0.596621654,0.362534828,0.478742409,0.627373496,0.513583858,0.409510683,0.546326271,0.475730342,0.562748353,0.593260811,0.482941179,0.467172606,0.497312997,0.467392199,0.483806414,0.536238171,0.48580235,0.492011272,0.412593088,0.464126572,0.518574992,0.535480598,0.562553437,0.33203555,0.552550607,0.407789187,0.446644234,0.613295207,0.584183544,0.570984999,0.536977758,0.400333002,0.551427497,0.462864043,0.489345943,0.422332822,0.711749791,0.52184847,0.522140711,0.527238309,0.477638868,0.588691128,0.434794207,0.472749155,0.315784076,0.450609305,0.445382739,0.554672284,0.567961127,0.323296345,0.38240086,0.726553344,0.344412821,0.550851987,0.542867266,0.460851917,0.456852837,0.488386724,0.518303234,0.52433031,0.53872869,0.479961689,0.447449349,0.548171599,0.521774576,0.592665133,0.407870142,0.485105046,0.487938073,0.448260282,0.515865787,0.53211452,0.446739704,0.591077051,0.566077699,0.542816965,0.499344102,0.781382786,0.714450396,0.585621452,0.403176222,0.581169027,0.475341668,0.458299058,0.396822191,0.515563305,0.451076756,0.514423484,0.558694279,0.45831507,0.513097246,0.57820563,0.555092551,0.525756077,0.572156203,0.489036532,0.406366256,0.437740138,0.468988133,0.49488927,0.588727765,0.533321703,0.395251276,0.733071774,0.459844693,0.471742348,0.481266613,0.483420944,0.376673698,0.540587592,0.497683897,0.596306888,0.438811456,0.592793545,0.522489582,0.495469196,0.463201388,0.475481069,0.417456318,0.501106032,0.3441273,0.549843936,0.617282671,0.57231691,0.581120765,0.414899818,0.506786976,0.531582857,0.601177029,0.414619119,0.508540301,0.486480572,0.463663206,0.523801086,0.454824224,0.45845878,0.45590009,0.43747755,0.552500493,0.460095023,0.453468548,0.536862914,0.365397715
407_DL,0.395945538,0.290104695,0.364304834,0.362600158,0.441417312,0,0.296000992,0.465025367,0.552757082,0.409785775,0.526112077,0.309378768,0.403449556,0.667274073,0.463763214,0.458582388,0.523828668,0.438561988,0.590299106,0.668044646,0.502355542,0.50254627,0.411579715,0.471504485,0.518615881,0.56414491,0.407805744,0.396667538,0.42429418,0.388032253,0.479249572,0.610686502,0.507162251,0.252071513,0.535655754,0.359734072,0.39838152,0.621299322,0.544127247,0.608484853,0.595565531,0.482102991,0.440092235,0.22558222,0.579243927,0.521809859,0.70960187,0.41753824,0.59959468,0.518032131,0.445631925,0.527094697,0.442712979,0.473864147,0.310327454,0.345344854,0.405617132,0.452514001,0.487346258,0.327708666,0.380874805,0.657339507,0.365733825,0.437500044,0.402273813,0.381572242,0.393631389,0.446131067,0.395185464,0.493104976,0.54010441,0.437239959,0.429791717,0.416595077,0.480742724,0.499062477,0.415187883,0.288194366,0.478848032,0.398469669,0.462958339,0.425374012,0.399827811,0.41720904,0.517618996,0.401934817,0.37114951,0.735548114,0.665918319,0.571972555,0.456770992,0.472935334,0.4412295,0.385517941,0.514153618,0.529765075,0.535710583,0.437902295,0.377747434,0.349376047,0.415771757,0.466026973,0.536317421,0.568660953,0.578626191,0.427010637,0.428562429,0.517945405,0.507316875,0.385484405,0.510672177,0.5095235,0.436044023,0.728079439,0.406460143,0.217488436,0.46353967,0.384198023,0.372233864,0.421173953,0.342664735,0.460929674,0.516841639,0.449867713,0.4855421,0.428701244,0.430886766,0.474899086,0.462331213,0.510498375,0.430018538,0.565918488,0.620195777,0.453890152,0.514074054,0.291708682,0.524220785,0.359157081,0.445007859,0.322525045,0.42768389,0.424394285,0.373720961,0.507755224,0.442188266,0.402745466,0.535454131,0.32451027,0.506360005,0.371208988,0.414832927,0.502060708,0.239030274
408_DC,0.525237781,0.279423001,0.407205181,0.439417061,0.460200376,0.296000992,0,0.440053462,0.552836357,0.360847644,0.536325472,0.362729222,0.490286774,0.646093737,0.49855053,0.448323076,0.496546663,0.398078694,0.561237061,0.64942622,0.517808096,0.48527845,0.446515986,0.459803105,0.471632575,0.543440917,0.375097957,0.353977412,0.522234466,0.451329764,0.480316676,0.594808463,0.536641039,0.299155524,0.578301597,0.308341033,0.437433192,0.609375959,0.488840287,0.578197978,0.517804344,0.471476419,0.452675827,0.288226928,0.54553511,0.489207546,0.717615651,0.407162198,0.617612288,0.531632327,0.410038429,0.477518096,0.382232958,0.487549521,0.397056983,0.414590868,0.369341912,0.43440921,0.414432561,0.297891635,0.36203683,0.634161985,0.404496637,0.416353416,0.493720338,0.496811852,0.412403532,0.41843475,0.413741013,0.485099931,0.540477112,0.428367934,0.508153551,0.51015176,0.450333069,0.489654396,0.378115865,0.392194646,0.460833665,0.416234079,0.443970678,0.469559873,0.444306048,0.488191756,0.553271569,0.426188081,0.36956593,0.732853487,0.691090729,0.548173409,0.451500701,0.435432166,0.406522781,0.399081212,0.489111982,0.507663723,0.500713124,0.454382954,0.388167069,0.342644612,0.322376798,0.486975667,0.528258546,0.589600359,0.539507592,0.502580265,0.473195807,0.503490819,0.450862973,0.422848714,0.438974545,0.523660328,0.432259492,0.723683324,0.366588438,0.227376407,0.41770137,0.480964666,0.326670138,0.419010451,0.390366793,0.510264167,0.485348513,0.442455044,0.470578604,0.524524265,0.397887551,0.38264467,0.495704446,0.506666084,0.437071917,0.537731363,0.600072899,0.450114759,0.410857312,0.309495751,0.473675458,0.441137139,0.384884991,0.345844457,0.363988963,0.437560865,0.32321133,0.491870735,0.432108526,0.458498285,0.518720575,0.347485733,0.401047271,0.378615267,0.390098762,0.485648401,0.300936651
408_DL,0.602593779,0.484081034,0.426977677,0.308198231,0.401998338,0.465025367,0.440053462,0,0.5321994,0.251365923,0.571778084,0.289208863,0.565288162,0.546173804,0.480989794,0.362052379,0.61541982,0.461386973,0.408792193,0.543757405,0.506788561,0.409590258,0.544104996,0.373095407,0.433641056,0.432536461,0.444637762,0.481412963,0.452936923,0.46466439,0.443578802,0.468628783,0.540827559,0.38664206,0.560423793,0.311517446,0.548688786,0.44845679,0.498560017,0.476861033,0.461020352,0.372836022,0.533361002,0.455320125,0.364808718,0.373304616,0.792319386,0.518621112,0.667229007,0.575734708,0.39492471,0.608230741,0.250192878,0.499574048,0.384071252,0.520356706,0.46630107,0.543535842,0.460409498,0.365419787,0.300516051,0.801304873,0.295530029,0.508857287,0.56438279,0.499648469,0.452056632,0.436027724,0.485992843,0.475702991,0.439602359,0.523398276,0.470355343,0.623244162,0.464278021,0.590619261,0.410752588,0.492045982,0.446846019,0.554309717,0.571709436,0.555510984,0.336648273,0.567750544,0.594376254,0.506786326,0.39379807,0.833647902,0.791540888,0.511696579,0.293411369,0.586649224,0.50565059,0.489017616,0.430886417,0.460563688,0.328035591,0.591404963,0.574021103,0.484155282,0.448920131,0.604981909,0.463283779,0.448742883,0.451235663,0.518305062,0.364245719,0.545543274,0.412287325,0.556049115,0.550758138,0.525069016,0.418292836,0.828869571,0.37668099,0.456141091,0.466632041,0.526263552,0.451866385,0.494259169,0.498813441,0.614649236,0.392885904,0.568046447,0.366545551,0.560713667,0.36352196,0.386635779,0.326375723,0.477141557,0.360505205,0.463121191,0.448805036,0.480714977,0.53143197,0.410024702,0.387181595,0.593966948,0.530790537,0.494653387,0.542694828,0.537111143,0.484063626,0.415583877,0.461043288,0.529953266,0.396697498,0.38533113,0.512890386,0.562468301,0.476024336,0.511459154,0.42752309
411_DC,0.454535413,0.600585208,0.524849572,0.514226065,0.569652789,0.552757082,0.552836357,0.5321994,0,0.462242005,0.328279431,0.511624894,0.41201043,0.535922717,0.292119879,0.458542923,0.683054278,0.551715318,0.528850042,0.591790141,0.444501393,0.488145249,0.647970122,0.514755806,0.476615592,0.551274818,0.38243269,0.652279477,0.467478639,0.624511948,0.487268532,0.462578473,0.497144214,0.536626844,0.494856955,0.499292632,0.550612976,0.530305884,0.504465378,0.523507274,0.590202373,0.619314126,0.455985464,0.590652296,0.49257152,0.535509854,0.846736318,0.653082394,0.705615322,0.345096512,0.514917879,0.508095199,0.576216293,0.322445218,0.552922349,0.454119654,0.620708479,0.586096581,0.57414055,0.549456262,0.503758923,0.874730224,0.544777364,0.417603027,0.598766407,0.503966776,0.491176678,0.505255879,0.563867623,0.428208732,0.546768248,0.52207991,0.649766647,0.479670763,0.600835814,0.438057883,0.554141853,0.487210303,0.456335632,0.636678946,0.631835025,0.504646119,0.579177937,0.496183817,0.627827036,0.423652127,0.591067477,0.833325898,0.862321945,0.451932446,0.467204434,0.635384667,0.674177016,0.524227398,0.616617335,0.511383332,0.535520838,0.504937963,0.57612609,0.611467235,0.578688296,0.517246918,0.506785389,0.503447559,0.499287071,0.500840248,0.543230274,0.60434528,0.500486461,0.530391958,0.522320175,0.443155055,0.617536879,0.811242219,0.476059521,0.558375411,0.544781284,0.483826991,0.516388549,0.378256134,0.503718738,0.536370057,0.588543858,0.397539149,0.564690238,0.479963225,0.469976881,0.472816796,0.577344074,0.4195048,0.56888395,0.478860742,0.51765469,0.45685255,0.597516837,0.542970904,0.521685883,0.550107989,0.685334666,0.563707076,0.660664591,0.47435804,0.644071215,0.429979953,0.539770927,0.500712037,0.544432406,0.488407033,0.470788797,0.553577476,0.59833012,0.403085467,0.565667105
411_DL,0.536249327,0.423837435,0.442229873,0.341208784,0.461594713,0.409785775,0.360847644,0.251365923,0.462242005,0,0.491601767,0.306447308,0.495544904,0.52508085,0.411174667,0.336014402,0.5802031,0.394774497,0.419225603,0.528243752,0.452261817,0.380265872,0.514266536,0.360368883,0.398481883,0.422114797,0.333278331,0.48248769,0.465236983,0.441143696,0.433426594,0.456405864,0.521971828,0.336818836,0.528263498,0.316226544,0.495327291,0.41193436,0.440593841,0.453067977,0.48546347,0.450414881,0.465171191,0.38321426,0.444626328,0.4149484,0.76277182,0.467644997,0.702806565,0.513350991,0.403803935,0.538282208,0.281610818,0.427488216,0.405334607,0.432464758,0.408796783,0.481817301,0.426905444,0.394385374,0.335832086,0.777096977,0.363528384,0.443641779,0.508772303,0.511767153,0.393720835,0.394064046,0.47699588,0.460033541,0.458557276,0.496124389,0.42954086,0.570598161,0.430272759,0.534012892,0.405962063,0.40807743,0.352721143,0.500250525,0.548559665,0.538084495,0.37554721,0.526974711,0.557400332,0.42980265,0.360217363,0.809840234,0.771433857,0.493697492,0.382661332,0.603984529,0.480661411,0.448935005,0.449862048,0.436576942,0.416825805,0.54163619,0.505111001,0.422078972,0.406290962,0.53309679,0.442570822,0.380880356,0.440304617,0.473046576,0.411034526,0.568842014,0.400124474,0.483528628,0.489437165,0.474878922,0.478383412,0.804400305,0.348008782,0.392322273,0.457340023,0.462076685,0.445303358,0.422719059,0.432019492,0.568150777,0.400437807,0.501363237,0.354821871,0.534223835,0.318655807,0.363285191,0.39815179,0.436871162,0.430907691,0.427428931,0.42126732,0.446373275,0.538197391,0.305867578,0.374915825,0.538095938,0.516184102,0.425443126,0.493235168,0.48747377,0.454682683,0.394357051,0.451277494,0.451908278,0.433851397,0.316638362,0.458697801,0.487254228,0.41642913,0.464534603,0.356736539
412_DC,0.404273056,0.566010277,0.458971374,0.560006732,0.596621654,0.526112077,0.536325472,0.571778084,0.328279431,0.491601767,0,0.524903798,0.35695174,0.528697964,0.377269122,0.458846059,0.689318715,0.59788072,0.569130485,0.595445605,0.381589578,0.517321014,0.669068655,0.516970377,0.491744393,0.568509766,0.412626564,0.651350843,0.473967404,0.629337218,0.544996434,0.486026959,0.441963857,0.525874553,0.452691361,0.516569729,0.494307054,0.597523588,0.531242496,0.508589613,0.615383381,0.675706988,0.429481809,0.554279004,0.562124269,0.591118314,0.839865522,0.660754311,0.698957981,0.259167929,0.539823652,0.406538093,0.578028298,0.29837435,0.553047466,0.427948442,0.651429187,0.539907658,0.626872975,0.555835843,0.530849977,0.874839427,0.507306772,0.302365554,0.549258795,0.465264381,0.613350616,0.453328739,0.542675524,0.342246129,0.56024424,0.433214077,0.634452366,0.426289544,0.595364069,0.323918004,0.548178963,0.430952694,0.443378219,0.66226038,0.615076297,0.467960067,0.617076875,0.463568357,0.674628239,0.41898861,0.613936511,0.76260272,0.806872639,0.433503468,0.495761086,0.598920289,0.683922785,0.516992317,0.652917614,0.509856205,0.59688814,0.473609397,0.573724086,0.615599778,0.616553214,0.454625762,0.511295485,0.488636822,0.641564765,0.515850703,0.585078998,0.603556827,0.526273287,0.452275943,0.551405061,0.45180965,0.656191652,0.764077823,0.496442984,0.522632307,0.518017897,0.500204693,0.450281677,0.311414466,0.617740817,0.503770659,0.619216783,0.35513211,0.589777181,0.412258327,0.45468556,0.545650377,0.606158265,0.319240885,0.573191612,0.514352727,0.565970876,0.337481532,0.595066277,0.528999667,0.549061751,0.432130383,0.67989439,0.549941601,0.691836688,0.491578547,0.628733828,0.525602683,0.630915945,0.391406843,0.549988935,0.479205593,0.507440708,0.514766937,0.593507738,0.33240894,0.556810526
412_DL,0.504862457,0.308537308,0.382765455,0.2213307,0.362534828,0.309378768,0.362729222,0.289208863,0.511624894,0.306447308,0.524903798,0,0.442545763,0.628908908,0.394798016,0.379582594,0.511940023,0.377839708,0.491890609,0.625898195,0.449067549,0.447790239,0.452491791,0.439632791,0.472140808,0.484355615,0.38346179,0.350017834,0.357804307,0.325215817,0.501925998,0.556981912,0.521574826,0.233507979,0.539136117,0.246559437,0.429756528,0.569774181,0.49494758,0.5593216,0.465731955,0.367962228,0.509720616,0.278494636,0.474636488,0.421411757,0.719588036,0.38187771,0.593723134,0.53801302,0.401861717,0.556489046,0.272887222,0.431114135,0.307490482,0.364076815,0.350756341,0.492070496,0.441987267,0.217729677,0.241231964,0.734114529,0.176953282,0.457759602,0.443532602,0.380137424,0.309823592,0.414114314,0.402201873,0.507888212,0.505255814,0.4655148,0.427497935,0.518653354,0.39065111,0.564011855,0.312493679,0.344201491,0.432517931,0.414352096,0.465162302,0.491293453,0.284377696,0.495773744,0.460895612,0.432910179,0.309530253,0.774982114,0.721467169,0.541029922,0.344075604,0.521473373,0.4311356,0.414529424,0.370258327,0.49064319,0.416901853,0.470576427,0.431632904,0.329361472,0.39360738,0.493935698,0.459045016,0.540404777,0.508589423,0.446321459,0.368479534,0.495844147,0.407229286,0.43358478,0.477384963,0.463604111,0.357149383,0.768583539,0.402632136,0.336958507,0.457421071,0.400553062,0.389339729,0.432130454,0.34599371,0.526803407,0.353453243,0.526006924,0.431752746,0.467862574,0.384424977,0.424576434,0.373795404,0.486752029,0.270807762,0.494399112,0.558228148,0.477374615,0.421998081,0.228641255,0.491688956,0.471970726,0.473201139,0.339457569,0.411684716,0.387058202,0.355056478,0.446790928,0.401664464,0.393954816,0.446859186,0.248127702,0.45772199,0.434216092,0.318107403,0.482485681,0.236196938
414_DC,0.174485412,0.468577371,0.458228037,0.486419085,0.478742409,0.403449556,0.490286774,0.565288162,0.41201043,0.495544904,0.35695174,0.442545763,0,0.62323324,0.345903002,0.523686807,0.620132875,0.580777245,0.615642071,0.657386632,0.278253066,0.551663437,0.588776669,0.565907152,0.472865416,0.638956772,0.394900378,0.580839223,0.372453892,0.560843869,0.554160026,0.566373892,0.354917041,0.39936948,0.399016938,0.452786019,0.40296906,0.674377972,0.625391486,0.600750409,0.6455545,0.638038144,0.36729993,0.457115276,0.633956675,0.622337305,0.812312573,0.617102409,0.637088322,0.3144354,0.58043748,0.409640843,0.556742475,0.314054496,0.487488111,0.193296404,0.582386429,0.409763684,0.633999841,0.448476415,0.519149056,0.850065517,0.504601672,0.32015027,0.487659927,0.378506885,0.528453451,0.444888688,0.467932532,0.316995327,0.596705193,0.282943253,0.557526332,0.192631941,0.474875994,0.295023208,0.449651527,0.328454166,0.469180854,0.566807769,0.505330372,0.357111505,0.550044497,0.389439489,0.556619323,0.407478448,0.496808046,0.704001963,0.76572902,0.452364509,0.558261401,0.592037005,0.645556014,0.400991839,0.628741972,0.539846818,0.611248176,0.240826198,0.461692307,0.51551757,0.599854253,0.281508078,0.612079838,0.55569694,0.683645216,0.394665825,0.540841382,0.477268375,0.57984371,0.303933697,0.484658723,0.383492235,0.609579701,0.704447135,0.504258648,0.435142975,0.513785271,0.344214376,0.462126183,0.314480692,0.525647569,0.372955851,0.567345803,0.341153338,0.592044846,0.229376198,0.477642758,0.531766917,0.587977122,0.353045462,0.556638021,0.574940693,0.644699022,0.353648353,0.564411549,0.435371201,0.584425581,0.256619688,0.685136805,0.405373935,0.608475379,0.285204334,0.533557158,0.620299355,0.55974433,0.308442435,0.579509986,0.430321481,0.489790711,0.34455116,0.536175703,0.343457829,0.456865085
414_DL,0.657446992,0.699518058,0.618386005,0.576685048,0.627373496,0.667274073,0.646093737,0.546173804,0.535922717,0.52508085,0.528697964,0.628908908,0.62323324,0,0.600176386,0.497797008,0.766312462,0.582092496,0.385387383,0.26975268,0.604937109,0.435502065,0.748835967,0.459761294,0.544203208,0.376374603,0.524685997,0.736024448,0.684749645,0.657789479,0.460790076,0.306409753,0.637537474,0.6469412,0.544697008,0.602163744,0.630605628,0.390611524,0.489543046,0.303966188,0.614617428,0.655293468,0.603517939,0.69658652,0.407355505,0.538263305,0.84073295,0.729726576,0.840224777,0.58649173,0.619638088,0.65704169,0.646169639,0.548043049,0.668910543,0.651896896,0.649522759,0.729670319,0.543466997,0.670013327,0.61173771,0.870512425,0.610714826,0.589585158,0.709978739,0.684039621,0.629387255,0.555935942,0.720775779,0.559108383,0.349149375,0.666484612,0.620556285,0.687166581,0.751649725,0.598595415,0.649961821,0.666926429,0.419762012,0.744510238,0.784674694,0.656185394,0.68120737,0.639457181,0.735126275,0.619873692,0.697550124,0.852017513,0.816339234,0.577902859,0.552059004,0.789623542,0.69519943,0.672597161,0.66792276,0.459587254,0.483979054,0.694742112,0.745397292,0.681841961,0.661412685,0.676521364,0.56665982,0.495645536,0.435526578,0.680818186,0.613089963,0.728706979,0.501883889,0.614195683,0.664844157,0.655777136,0.687947527,0.852470495,0.514209329,0.641583954,0.678309342,0.68376675,0.609269616,0.605069044,0.690969311,0.700265204,0.636330748,0.617530023,0.547181462,0.667762656,0.611243164,0.497358029,0.487644651,0.557248945,0.663916366,0.310145928,0.328164186,0.580177948,0.765743096,0.62790564,0.495751951,0.704710298,0.704839317,0.666704336,0.697907461,0.694522111,0.705070363,0.495441603,0.655178574,0.556192553,0.426805629,0.586691829,0.658745254,0.625439594,0.679262946,0.598063988,0.672993765
420_DC,0.401385257,0.473125977,0.507159767,0.390499115,0.513583858,0.463763214,0.49855053,0.480989794,0.292119879,0.411174667,0.377269122,0.394798016,0.345903002,0.600176386,0,0.403599171,0.636796282,0.50809696,0.519647138,0.622370349,0.389105901,0.456574011,0.551770884,0.485367526,0.469614507,0.531273528,0.402524708,0.559907659,0.368207578,0.52365452,0.453459779,0.511066602,0.494705858,0.417164158,0.480603193,0.448686026,0.479747775,0.571444842,0.513988322,0.568842155,0.585148885,0.580559067,0.459098098,0.46649918,0.521712052,0.537101956,0.825084774,0.553060622,0.654606209,0.3964097,0.490246773,0.565771737,0.497061863,0.34389609,0.501758607,0.348852085,0.55690934,0.503600922,0.583337544,0.429636871,0.429403427,0.840303905,0.446836485,0.441891476,0.48149084,0.387381918,0.49682655,0.505124912,0.428434697,0.408395904,0.553243854,0.463984234,0.563682711,0.42311174,0.478300298,0.471863684,0.460571913,0.362151675,0.479357819,0.537326058,0.511784544,0.405320103,0.478402122,0.450569129,0.510438872,0.402318209,0.466010232,0.813731274,0.843195759,0.429546196,0.4072933,0.582055725,0.610762815,0.448276629,0.560631741,0.550840299,0.519077937,0.430767136,0.46594394,0.502859116,0.520791173,0.459218933,0.477909445,0.507281024,0.527377947,0.397749423,0.47365147,0.537622347,0.540460321,0.470384119,0.517638706,0.375613665,0.543929368,0.768273758,0.487916031,0.452649343,0.485536258,0.359892888,0.48362089,0.380345504,0.493010255,0.474784139,0.485424942,0.380945655,0.470242399,0.404095196,0.436847539,0.45641189,0.554712649,0.411502115,0.476411296,0.522684664,0.541938115,0.424789392,0.527064292,0.397111836,0.527636007,0.459992528,0.626097967,0.4891902,0.557719809,0.358758279,0.504104093,0.469294809,0.518802849,0.440546082,0.53645007,0.390661913,0.454348,0.50208617,0.471684874,0.420329352,0.457169865
420_DL,0.565790316,0.478447731,0.372726194,0.323285078,0.409510683,0.458582388,0.448323076,0.362052379,0.458542923,0.336014402,0.458846059,0.379582594,0.523686807,0.497797008,0.403599171,0,0.618767384,0.463550596,0.476504159,0.546879855,0.492226463,0.380435071,0.568710954,0.411734667,0.42407131,0.38149375,0.39268722,0.52590316,0.448642694,0.554532277,0.449686054,0.46231733,0.53529952,0.42782385,0.552009167,0.336291461,0.495863357,0.479496202,0.460897874,0.46228879,0.536417923,0.442651574,0.498028617,0.48539638,0.368554552,0.347213224,0.790456212,0.530021974,0.642959456,0.452790506,0.427119572,0.58726903,0.400974878,0.409312806,0.379450342,0.48110616,0.499972417,0.593008564,0.497296631,0.377749276,0.319098229,0.803353525,0.362822062,0.485703766,0.529153894,0.461764955,0.475127979,0.420616823,0.549413094,0.4407102,0.500893224,0.546240796,0.526863894,0.594967617,0.594080396,0.549880113,0.414360376,0.462126587,0.419294288,0.523925509,0.598693113,0.565104294,0.447325735,0.559697725,0.610190044,0.488893207,0.524047021,0.814115165,0.772023865,0.464237649,0.310191596,0.597596619,0.564676168,0.518691094,0.460109501,0.461536844,0.447606981,0.599459049,0.55906865,0.488744345,0.480070478,0.559486456,0.428613735,0.450401933,0.476324635,0.513082553,0.433205099,0.510893524,0.368368597,0.530826771,0.541547588,0.522023222,0.449081319,0.818547004,0.397709753,0.438317238,0.449630587,0.506603716,0.371923609,0.4495138,0.542153391,0.583606731,0.481742282,0.488739154,0.457610791,0.563697972,0.425797949,0.402446472,0.441847571,0.450598199,0.36626786,0.450213878,0.472683864,0.442316166,0.558531672,0.406592107,0.472482801,0.577035139,0.5672086,0.503180627,0.600050451,0.551288111,0.510331086,0.41103383,0.491649136,0.459020601,0.387478366,0.384863064,0.546259743,0.540533892,0.488297102,0.474991187,0.441175878
425_DC,0.649020761,0.415633005,0.589913712,0.546419906,0.546326271,0.523828668,0.496546663,0.61541982,0.683054278,0.5802031,0.689318715,0.511940023,0.620132875,0.766312462,0.636796282,0.618767384,0,0.525573314,0.694360827,0.759899157,0.635298291,0.625403839,0.363492958,0.650363744,0.488771902,0.699803268,0.534208198,0.479438965,0.630925999,0.522331249,0.656851818,0.703245844,0.551867488,0.451437831,0.679632279,0.497247492,0.386267405,0.731446633,0.626054436,0.709582804,0.686499218,0.493841977,0.674642932,0.426405032,0.700920103,0.615862029,0.650463775,0.482814343,0.677734738,0.671389218,0.605400104,0.618694858,0.538795954,0.642960193,0.575929961,0.573307951,0.503262862,0.568387621,0.57370777,0.479393351,0.563188153,0.629803161,0.562708558,0.642811049,0.527311937,0.6279789,0.502431255,0.472033491,0.556721369,0.655506503,0.671564171,0.5667559,0.592085827,0.618308943,0.56273853,0.663848201,0.507554506,0.580413653,0.609463858,0.384276509,0.495789434,0.626345227,0.563229681,0.621897416,0.60680217,0.619441001,0.490865311,0.746558351,0.618773617,0.601653755,0.636308592,0.688498214,0.523346992,0.594948068,0.542143781,0.661292042,0.647039545,0.582638793,0.543237583,0.370209759,0.565163692,0.63223195,0.59934082,0.649369484,0.705823691,0.592223934,0.608509727,0.492137905,0.626159768,0.533320475,0.491335941,0.618940531,0.553750662,0.736112818,0.614843287,0.502809032,0.571369666,0.460553397,0.584911456,0.600446561,0.521109959,0.601609746,0.593400608,0.621747943,0.594702089,0.650617686,0.537922133,0.585706587,0.612875123,0.655053981,0.529707642,0.674038359,0.704102368,0.638574224,0.638605728,0.476035738,0.674580474,0.558800365,0.522541742,0.444098922,0.536549072,0.544480305,0.43119057,0.607818244,0.552127409,0.561230569,0.666978712,0.542005863,0.637371758,0.56633879,0.499644842,0.67300877,0.414998183
425_DL,0.630637028,0.423168623,0.558350449,0.437037663,0.475730342,0.438561988,0.398078694,0.461386973,0.551715318,0.394774497,0.59788072,0.377839708,0.580777245,0.582092496,0.50809696,0.463550596,0.525573314,0,0.499451516,0.578196434,0.548201033,0.436229821,0.543609513,0.460199472,0.534572666,0.458064499,0.447281004,0.488393718,0.525494008,0.465068276,0.473133941,0.562143528,0.58989741,0.389926707,0.525847766,0.413804133,0.570521425,0.514039434,0.406258735,0.499167924,0.474733893,0.324553457,0.615116738,0.435969727,0.481530311,0.409830324,0.714287925,0.391795074,0.645681379,0.625988716,0.465297638,0.621719219,0.396928924,0.509017159,0.410443626,0.524909526,0.318604166,0.59048294,0.437556603,0.44317643,0.391344752,0.714985753,0.415074304,0.57639563,0.465335478,0.548731139,0.372221176,0.527283797,0.512049331,0.594165454,0.464312223,0.560948577,0.500689947,0.628763786,0.507294049,0.578133287,0.416714744,0.490397588,0.426421106,0.420109201,0.532422835,0.552677157,0.483742897,0.553094801,0.503220943,0.497781336,0.45197415,0.763894224,0.69654982,0.619484205,0.484390629,0.649483943,0.407294743,0.508767969,0.370259909,0.472253273,0.452268584,0.589811723,0.514489947,0.415171184,0.400679729,0.6069556,0.542207387,0.545922074,0.475677014,0.558580089,0.521306446,0.560764266,0.42143938,0.549160261,0.486649426,0.592471805,0.410865304,0.747217715,0.387949156,0.4539056,0.462880774,0.535511434,0.524049482,0.539286739,0.433588008,0.577513337,0.506329548,0.594025525,0.467132281,0.590659785,0.476085563,0.417251101,0.384475769,0.57735901,0.414671376,0.492735561,0.526524149,0.57478995,0.57370961,0.357324189,0.456028962,0.602493505,0.482744805,0.45926555,0.447407036,0.545720339,0.402861473,0.375021096,0.418329282,0.489559394,0.493598465,0.354161994,0.450373388,0.537212394,0.31373101,0.594677213,0.361578221
427_DC,0.619912996,0.608953734,0.55612944,0.492207436,0.562748353,0.590299106,0.561237061,0.408792193,0.528850042,0.419225603,0.569130485,0.491890609,0.615642071,0.385387383,0.519647138,0.476504159,0.694360827,0.499451516,0,0.321367586,0.538487782,0.37557692,0.602856197,0.325612391,0.475700738,0.386907972,0.513921232,0.633825349,0.583044588,0.594358019,0.424722775,0.312922997,0.594577927,0.522959725,0.53625924,0.492647085,0.626185366,0.400629958,0.421325262,0.418196736,0.538266616,0.522265327,0.590591628,0.590042548,0.33104904,0.403422693,0.826476126,0.61993972,0.758965154,0.598833964,0.556540545,0.660330235,0.508204705,0.560401216,0.564870699,0.574492318,0.601939886,0.668968513,0.462564528,0.567490713,0.473333263,0.850817345,0.43678439,0.57493911,0.659648266,0.604856455,0.541321273,0.52866428,0.594317628,0.543908631,0.282274241,0.61226449,0.635927938,0.654331073,0.629901367,0.57838232,0.54850525,0.583039461,0.411752598,0.664508005,0.678463087,0.556343847,0.584659143,0.553336831,0.684570051,0.533749054,0.578336738,0.885666345,0.832046338,0.53283968,0.446158647,0.695536894,0.626575464,0.564872234,0.527005544,0.433752925,0.330901478,0.653543039,0.66056169,0.607121025,0.504965862,0.644102779,0.464834846,0.463193446,0.387157374,0.557225633,0.512279766,0.665001267,0.436788229,0.585137182,0.604640145,0.548797815,0.546146098,0.861553338,0.419443948,0.542251838,0.573333428,0.602123688,0.588335671,0.546582134,0.575807699,0.655482014,0.537406703,0.620316642,0.451455435,0.596146216,0.499163698,0.37191197,0.436749793,0.505472778,0.576565997,0.270163549,0.315203087,0.552746763,0.660053093,0.52152812,0.42107463,0.671191965,0.64223939,0.567692143,0.645856919,0.593814837,0.615885766,0.395948996,0.542179923,0.548411787,0.319952999,0.44750532,0.510218249,0.568866361,0.54247916,0.535461889,0.567944864
427_DL,0.664394407,0.700598273,0.660514784,0.58947836,0.593260811,0.668044646,0.64942622,0.543757405,0.591790141,0.528243752,0.595445605,0.625898195,0.657386632,0.26975268,0.622370349,0.546879855,0.759899157,0.578196434,0.321367586,0,0.593501178,0.437181358,0.709394692,0.413166258,0.555702405,0.391933499,0.56468313,0.735558207,0.62729925,0.634078687,0.441950475,0.329762676,0.632532637,0.619537433,0.581789145,0.599190467,0.648818186,0.373720729,0.51342389,0.341938045,0.587292548,0.625638342,0.603200594,0.69673654,0.417176877,0.49935012,0.852141296,0.730862502,0.839607046,0.636015194,0.628434258,0.685443266,0.623970866,0.573440944,0.646288915,0.685522731,0.644000798,0.75952705,0.538141915,0.67283619,0.595647059,0.863873818,0.581423133,0.617673062,0.712246563,0.713421252,0.635180284,0.550805717,0.698547726,0.595729537,0.396713224,0.634151856,0.636365169,0.69057906,0.741739267,0.611100086,0.650076216,0.66812816,0.4403452,0.731619802,0.761976496,0.65765952,0.6686809,0.641006856,0.721732359,0.612738084,0.682609588,0.873147555,0.828725817,0.580381542,0.572449846,0.775087198,0.66800889,0.648989238,0.616715703,0.47737356,0.439901871,0.679795319,0.729832725,0.67329126,0.636565933,0.695080024,0.546774189,0.494926164,0.430244295,0.657517667,0.609075714,0.728022012,0.491516373,0.62351679,0.669635374,0.653051926,0.658743797,0.826800178,0.489447599,0.65040595,0.651613224,0.682270439,0.643643212,0.642277505,0.673318246,0.720876326,0.623294964,0.664296336,0.531278689,0.649119206,0.581648229,0.476135019,0.480226345,0.572413589,0.66236954,0.358009622,0.35284684,0.60112811,0.752498077,0.626611216,0.515475874,0.717260716,0.685030666,0.683463706,0.678082027,0.689656955,0.690112361,0.511819988,0.628846056,0.600708684,0.426168331,0.587611681,0.654583566,0.611403591,0.650133201,0.584967703,0.67123089
428_DC,0.327388329,0.538578027,0.490924617,0.480216463,0.482941179,0.502355542,0.517808096,0.506788561,0.444501393,0.452261817,0.381589578,0.449067549,0.278253066,0.604937109,0.389105901,0.492226463,0.635298291,0.548201033,0.538487782,0.593501178,0,0.434322163,0.589603884,0.478150026,0.42229934,0.60477112,0.414005678,0.614394639,0.363612079,0.55973449,0.521443787,0.483734687,0.352721299,0.395934301,0.345032484,0.484701535,0.446344653,0.624649311,0.577110952,0.545105216,0.573709458,0.578279263,0.427710876,0.516083754,0.529967872,0.519693262,0.829965839,0.628919003,0.679872197,0.388489481,0.577970864,0.438559835,0.476917063,0.342574935,0.523734264,0.298813204,0.591271702,0.453572195,0.613449896,0.492820906,0.516887613,0.8675598,0.444014744,0.298051064,0.52009111,0.424607826,0.545280346,0.43091804,0.447033083,0.290370756,0.563330065,0.289317802,0.599198938,0.365873743,0.556663298,0.386197837,0.49042292,0.383008625,0.429950412,0.619616745,0.543147701,0.45212385,0.595579181,0.421357019,0.621395501,0.388516578,0.580002263,0.757003246,0.77621241,0.40200961,0.500386609,0.626387982,0.603511729,0.332463952,0.56157048,0.474253265,0.55273787,0.402627734,0.503609621,0.542486528,0.564448707,0.350364193,0.552840019,0.469345548,0.611662435,0.383821552,0.52971033,0.518773814,0.539349451,0.39310998,0.496684205,0.337743791,0.581164148,0.745927734,0.462544265,0.447304113,0.463192182,0.412230764,0.501505337,0.330977722,0.586230949,0.399182528,0.575853395,0.406494309,0.54069867,0.286048192,0.410993088,0.452989739,0.533589542,0.281222424,0.511573342,0.528883793,0.594968152,0.350077915,0.601062337,0.432212262,0.523881975,0.360733131,0.690385501,0.470762714,0.642813874,0.405295534,0.564300214,0.56068972,0.54168222,0.356036732,0.559347319,0.390062437,0.492495616,0.404534789,0.561034125,0.277427355,0.499619881
