,403_CC,403_CL,405_CC,405_CL,407_CC,407_CL,408_CC,408_CL,411_CC,411_CL,412_CC,412_CL,414_CC,420_CC,420_CL,425_CC,425_CL,427_CC,427_CL,428_CC,428_CL,431_CC,431_CL,432_CC,432_CL,433_CC,433_CL,437_CC,437_CL,438_CC,438_CL,439_CC,439_CL,444_CC,444_CL,449_CC,449_CL,450_CC,450_CL,451_CC,451_CL,452_CC,452_CL,456_CC,456_CL,459_CC,459_CL,461_CC,461_CL,463_CC,463_CL,464_CC,464_CL,465_CC,465_CL,466_CC,466_CL,471_CC,471_CL,472_CC,472_CL,475_CC,475_CL,476_CC,476_CL,478_CC,478_CL,481_CC,481_CL,482_CC,482_CL,484_CC,484_CL,485_CC,485_CL,489_CC,489_CL,495_CC,495_CL,500_CC,500_CL,505_CC,505_CL,509_CC,509_CL,510_CC,510_CL,515_CC,515_CL,517_CC,517_CL,518_CC,518_CL,519_CC,519_CL,521_CC,521_CL,522_CC,522_CL,524_CC,524_CL,528_CC,528_CL,532_CC,532_CL,534_CC,534_CL,535_CC,535_CL,536_CC,536_CL,538_CC,538_CL,541_CC,541_CL,542_CC,542_CL,547_CC,547_CL,548_CC,548_CL,549_CC,549_CL,553_CC,553_CL,555_CC,555_CL,562_CC,562_CL,564_CC,564_CL,568_CC,568_CL,571_CC,571_CL,572_CC,572_CL,573_CC,573_CL,577_CC,577_CL,578_CC,578_CL,579_CC,579_CL,580_CC,580_CL,584_CC,584_CL,590_CC,590_CL,592_CC,592_CL
403_CC,0,0.055433468,0.079589141,0.126586908,0.12628005,0.102298476,0.100291909,0.162392822,0.138615373,0.151177627,0.19229075,0.204626992,0.170902996,0.181388425,0.186172724,0.133393998,0.165793841,0.134393746,0.183165841,0.153959463,0.157013506,0.183985756,0.169705315,0.126243677,0.165209164,0.142819801,0.17134456,0.148902908,0.14689252,0.22643135,0.215117946,0.163478912,0.168414825,0.106020715,0.166040379,0.170921806,0.141276007,0.148541374,0.152747932,0.119675777,0.178259997,0.332855676,0.210316659,0.145021703,0.234609399,0.160503302,0.1593667,0.133612297,0.160149353,0.166135804,0.194611046,0.096725664,0.179069969,0.145952707,0.165006191,0.171892818,0.119633164,0.12508356,0.153510659,0.08833571,0.133368328,0.09902966,0.114429685,0.11271249,0.151157249,0.111461524,0.116857298,0.186821585,0.189641201,0.226445129,0.194170482,0.164463646,0.164370263,0.09681124,0.152636704,0.234349292,0.219583493,0.112772946,0.117948174,0.114675504,0.103796667,0.105881182,0.168858369,0.101865944,0.099977938,0.147653894,0.1423098,0.158993546,0.171543858,0.114130792,0.119721673,0.123882171,0.128083063,0.098770016,0.182874973,0.13074151,0.09377332,0.184253848,0.157220195,0.105346043,0.144548226,0.137745387,0.171851033,0.156470152,0.114744882,0.118695395,0.138639171,0.142870698,0.178686445,0.17611974,0.121869917,0.179029068,0.19324147,0.157908634,0.191904765,0.102529959,0.11612421,0.102255865,0.179386905,0.12106056,0.13633624,0.145465052,0.101549176,0.176053476,0.158003652,0.111272492,0.188836956,0.122032392,0.189234807,0.100450437,0.128449943,0.128221937,0.12596628,0.166435626,0.172319089,0.084718409,0.16367865,0.116709413,0.104852591,0.149595603,0.159661526,0.185173342,0.202939525,0.112031957,0.126575744,0.102655112,0.133614096,0.095321486,0.127992225,0.122142717,0.133449419,0.180918318,0.18901594
403_CL,0.055433468,0,0.078266367,0.130623453,0.121314079,0.099170866,0.114488762,0.154250226,0.112402084,0.136340196,0.192954209,0.176411023,0.163199359,0.150376698,0.19017112,0.138654265,0.146615576,0.123189195,0.167940455,0.193676428,0.181399588,0.200950189,0.178889042,0.123582829,0.167780232,0.136689437,0.169624775,0.169678812,0.128459129,0.228549891,0.220029982,0.169009849,0.153732513,0.122125015,0.153053041,0.16225981,0.157033012,0.153054097,0.145478626,0.119008306,0.171040042,0.337845748,0.211951703,0.141218113,0.24000767,0.1605883,0.148638577,0.149642199,0.153082614,0.19701131,0.208876242,0.109199755,0.198480964,0.145317366,0.167987565,0.170925387,0.132573201,0.129013473,0.165307387,0.098379673,0.14062324,0.104194734,0.115745027,0.094375352,0.149718165,0.09749267,0.110794463,0.178053983,0.198678565,0.226332069,0.187973292,0.156026401,0.170645232,0.101953211,0.138086331,0.237367722,0.237148616,0.122808464,0.135469802,0.117759988,0.118559688,0.093786208,0.176458043,0.119081291,0.11800217,0.161241802,0.144110944,0.186655942,0.172383222,0.136024512,0.133882087,0.156034478,0.113689324,0.093215588,0.17638462,0.128838421,0.108571353,0.189931117,0.156152065,0.107916698,0.125003745,0.138577658,0.173891147,0.165087182,0.121392172,0.113639944,0.132830302,0.126035025,0.159773898,0.173385045,0.124611741,0.164258043,0.185022755,0.15310456,0.194615442,0.090776767,0.134508599,0.14132873,0.158706289,0.134331284,0.144966254,0.143074148,0.08566,0.17630294,0.170966583,0.126587067,0.186464575,0.1278098,0.199301644,0.106004861,0.119774203,0.134124414,0.135625235,0.143860976,0.187203611,0.072638595,0.142394966,0.131212325,0.110423331,0.148430295,0.161878548,0.186644223,0.212648763,0.089514336,0.107289934,0.107353286,0.128487445,0.130073435,0.143355044,0.123464925,0.144492718,0.175573763,0.179721209
405_CC,0.079589141,0.078266367,0,0.118223847,0.164912366,0.111426246,0.121977935,0.163285544,0.128788301,0.151897536,0.185820853,0.185490728,0.173469871,0.163047594,0.18675384,0.161408914,0.178462353,0.128868874,0.173071587,0.181439694,0.189910204,0.182268055,0.158236484,0.101844278,0.15914816,0.157785531,0.155713451,0.183718544,0.165484324,0.222216732,0.238083291,0.173231579,0.175161763,0.083986377,0.160415865,0.197723421,0.145326585,0.147607744,0.158016337,0.148871427,0.205405007,0.355282325,0.219408264,0.146431131,0.23082227,0.163539936,0.165313241,0.13881945,0.158660002,0.177067979,0.21993398,0.133838126,0.198657497,0.164135838,0.163175377,0.189607634,0.135008181,0.142779188,0.185529466,0.118423711,0.146340344,0.097567126,0.125304063,0.118937422,0.183258565,0.122121674,0.123463988,0.170354611,0.182754608,0.216321995,0.184078616,0.147766193,0.156421018,0.122348493,0.116438837,0.268360132,0.254272028,0.139525721,0.157731965,0.132785128,0.12704834,0.115689128,0.175138288,0.138146233,0.139630395,0.16550344,0.137987289,0.168959179,0.14427748,0.144327229,0.141281086,0.139709729,0.138128135,0.120518753,0.194122644,0.142947401,0.095688898,0.175820191,0.14749571,0.122453319,0.132897686,0.133875146,0.169685135,0.151481998,0.109791858,0.117871089,0.160067582,0.134976239,0.13656921,0.179654621,0.126765559,0.165670643,0.200303757,0.151074629,0.178206336,0.072107362,0.11932271,0.112294332,0.143727839,0.149215091,0.139615381,0.147970412,0.111216203,0.153279484,0.157114463,0.139895222,0.186697059,0.126640636,0.173912472,0.109000058,0.112726974,0.119889958,0.129114003,0.157576023,0.190006538,0.114099503,0.175727319,0.122924586,0.102834717,0.156614187,0.155607596,0.215384525,0.203089564,0.086635366,0.11947245,0.092516792,0.135904553,0.119925004,0.123371281,0.125604145,0.147664922,0.199352778,0.172197331
405_CL,0.126586908,0.130623453,0.118223847,0,0.162414423,0.117574586,0.168631978,0.18009675,0.161877303,0.195227784,0.166321986,0.141966007,0.164342499,0.153327878,0.162549428,0.224671597,0.182993077,0.191211457,0.18251702,0.167147955,0.188725698,0.146850475,0.171496656,0.119284606,0.123681016,0.203046628,0.162311626,0.13892771,0.162377013,0.177191422,0.190684397,0.118717425,0.12337961,0.137729587,0.151620499,0.155568654,0.15860445,0.122100642,0.169819381,0.15903925,0.156992764,0.374524472,0.179462267,0.201988491,0.209284417,0.128762503,0.115557917,0.16122004,0.120974185,0.140853577,0.211243632,0.179607758,0.14985299,0.158475615,0.147513576,0.182091017,0.182076513,0.164131404,0.191878334,0.189945144,0.091348717,0.144654189,0.161173332,0.161343087,0.221610591,0.191035523,0.150920235,0.203620036,0.18521383,0.209786823,0.192237587,0.205146362,0.203896177,0.177379294,0.189615902,0.245575332,0.233122406,0.176205711,0.115219315,0.144410585,0.141115267,0.132312306,0.18958841,0.162612382,0.157093459,0.219447719,0.210957624,0.162291639,0.12551988,0.137187462,0.111332012,0.191309225,0.150797853,0.188502355,0.162446424,0.16310932,0.155418804,0.184808461,0.214899934,0.172420725,0.192662516,0.139320696,0.20530482,0.151401957,0.132499363,0.159121107,0.145142846,0.125571249,0.153363817,0.177612752,0.167111136,0.199801494,0.169533057,0.165927308,0.202430378,0.143722312,0.161368591,0.180531338,0.196925991,0.197988988,0.198229711,0.1818662,0.168184948,0.191379591,0.1703635,0.135394345,0.161617998,0.156335644,0.20287082,0.161892244,0.185984174,0.196036301,0.133625678,0.149128402,0.197654181,0.164698357,0.169493599,0.150823484,0.160526998,0.186059392,0.193204243,0.222548124,0.211676106,0.159307667,0.183873806,0.159105836,0.169931822,0.13237945,0.154063443,0.132513099,0.15833814,0.17019639,0.176022303
407_CC,0.12628005,0.121314079,0.164912366,0.162414423,0,0.084257305,0.134406398,0.156366432,0.198633172,0.189064732,0.201841119,0.208530863,0.144703474,0.199827747,0.214520708,0.217948425,0.182937482,0.197545418,0.169950954,0.191377234,0.191244445,0.188295892,0.246746286,0.171243158,0.169552022,0.187900957,0.228193819,0.211810914,0.171991544,0.196293031,0.206781595,0.181397668,0.18056802,0.183563155,0.15191832,0.169150159,0.206622703,0.145662721,0.192306815,0.168588857,0.165754983,0.397580047,0.17651503,0.194054881,0.217007131,0.152422337,0.184786334,0.184239508,0.175760393,0.19573304,0.260273893,0.183598039,0.205593443,0.148205302,0.130006688,0.143150813,0.211144976,0.158276478,0.175629366,0.136608744,0.183142869,0.144722232,0.166146303,0.15275984,0.2042998,0.129352509,0.149391084,0.226486885,0.275928347,0.210719195,0.226574268,0.217476397,0.221656912,0.183189045,0.201530621,0.242848627,0.227674206,0.172457044,0.163167933,0.152719579,0.171551476,0.158317696,0.237317499,0.192328364,0.183684437,0.185420472,0.238880697,0.181758113,0.155663517,0.141547259,0.162701137,0.204276447,0.132460929,0.165579411,0.150124664,0.102770631,0.184135116,0.160370451,0.192998202,0.153871113,0.186584655,0.133172788,0.220503602,0.126866563,0.184647773,0.165850675,0.165637682,0.126696055,0.173624095,0.178048147,0.181019196,0.231243096,0.161257822,0.201782011,0.219256151,0.152708037,0.172608886,0.18181999,0.219178047,0.19533485,0.199158397,0.189988026,0.165844151,0.180147316,0.208568213,0.143687676,0.16131664,0.190139074,0.170769616,0.161890947,0.186453921,0.215944812,0.155856274,0.193906354,0.16641219,0.132053876,0.192813401,0.174035732,0.151894984,0.223061827,0.202799803,0.166265485,0.182478241,0.158657052,0.199939233,0.185062379,0.175520347,0.142215242,0.186353131,0.170533081,0.197118594,0.194300397,0.197063855
407_CL,0.102298476,0.099170866,0.111426246,0.117574586,0.084257305,0,0.137537146,0.137253858,0.142693914,0.170773272,0.186536441,0.1621714,0.162635214,0.142689773,0.144703413,0.187448635,0.145674645,0.147339824,0.140941472,0.143872211,0.134646224,0.163133714,0.191177918,0.11154984,0.095058535,0.154850042,0.167365847,0.174941943,0.186562573,0.18095519,0.21552723,0.129375986,0.127921881,0.128873369,0.090756402,0.133485952,0.148425892,0.07773122,0.142094955,0.126496103,0.167485203,0.35741503,0.157237334,0.137675715,0.202088527,0.134374968,0.144026879,0.164495142,0.120848221,0.126003269,0.205537744,0.152531386,0.162308666,0.113250272,0.108540033,0.129892804,0.152876455,0.121066529,0.172946981,0.139426701,0.124708818,0.09743649,0.172612581,0.12434391,0.179940873,0.130859399,0.110456489,0.179952216,0.213642588,0.169973395,0.210575167,0.192158954,0.192818722,0.147899894,0.183874241,0.206624753,0.20340574,0.157295796,0.125160612,0.116670119,0.135705185,0.121932339,0.193387233,0.155527506,0.150403362,0.154191646,0.168634627,0.129419372,0.119181584,0.078337605,0.090987188,0.145072319,0.080810735,0.151832065,0.11955365,0.086774861,0.113885524,0.129534057,0.164924665,0.095090574,0.125660024,0.073296197,0.191561449,0.11095848,0.12311695,0.109506991,0.116161555,0.085707837,0.158850395,0.115525671,0.117619583,0.174230876,0.136567699,0.147676026,0.18358996,0.094767,0.148794502,0.12308846,0.19525275,0.132944783,0.181547001,0.180736205,0.124309231,0.162133129,0.150957487,0.116404267,0.13222716,0.151337598,0.144079634,0.112775042,0.174146969,0.173857141,0.094846322,0.138499427,0.146388196,0.104441462,0.142850121,0.142360479,0.122432233,0.170366343,0.184602408,0.169584687,0.164555217,0.101554705,0.14148278,0.125389266,0.125138119,0.095074645,0.132080033,0.111513281,0.143952338,0.138198316,0.170996921
408_CC,0.100291909,0.114488762,0.121977935,0.168631978,0.134406398,0.137537146,0,0.123167122,0.153424343,0.152602065,0.181400619,0.210635381,0.181238461,0.202978268,0.209512905,0.177951455,0.168627089,0.110648476,0.157018681,0.169948544,0.163258415,0.151377572,0.181299708,0.157861276,0.192631652,0.188127758,0.184789289,0.210773633,0.137950156,0.171434173,0.180336058,0.187858045,0.198988013,0.153092418,0.189595874,0.207441265,0.154674833,0.185773718,0.174798702,0.151073205,0.188049651,0.35534405,0.19039568,0.15445876,0.179544371,0.144050751,0.155561977,0.097406221,0.179942261,0.195487905,0.211315644,0.158344346,0.221330692,0.177576405,0.165757323,0.191763561,0.173274376,0.181979372,0.186360737,0.122096561,0.190188187,0.123137236,0.116843395,0.152942773,0.199936133,0.122353909,0.16899789,0.184530972,0.197058608,0.220116005,0.143452852,0.153203026,0.143567017,0.140082481,0.153485029,0.26483496,0.240812107,0.128796027,0.162622304,0.14923358,0.144073258,0.139011621,0.215160848,0.142022044,0.145090706,0.107150085,0.13570902,0.215318587,0.155393852,0.168704452,0.176167267,0.172743167,0.164289631,0.12065862,0.15333627,0.153246025,0.156381184,0.160792616,0.133631693,0.131651071,0.137585959,0.163267503,0.140905974,0.161821309,0.148950468,0.158177388,0.178277945,0.15183878,0.155176452,0.175480661,0.135375353,0.201433913,0.146630764,0.170891205,0.160375467,0.137533133,0.126959077,0.166110463,0.160806769,0.157094524,0.140803707,0.16014902,0.142536896,0.175292849,0.180362393,0.167780911,0.173343972,0.157774346,0.155511993,0.111872668,0.159736508,0.182130806,0.169286316,0.188306198,0.173159772,0.128079204,0.194386991,0.123178318,0.088604313,0.172804727,0.126822924,0.189168475,0.188115589,0.13962163,0.144338466,0.124272715,0.16553753,0.156152403,0.180571943,0.154683036,0.133145217,0.197167646,0.158765245
408_CL,0.162392822,0.154250226,0.163285544,0.18009675,0.156366432,0.137253858,0.123167122,0,0.187355175,0.189389756,0.178465811,0.19548533,0.176328525,0.179535302,0.209257419,0.211395981,0.169526308,0.164702979,0.165691515,0.205605427,0.179708076,0.16833594,0.243617579,0.199085254,0.18876199,0.222885592,0.232685854,0.218816416,0.197634151,0.208053798,0.223356159,0.19099159,0.178839545,0.206752339,0.194262365,0.220161571,0.223707094,0.178783361,0.214279182,0.212798534,0.198178714,0.4142641,0.212057745,0.220925473,0.22745413,0.155774371,0.188423476,0.164507968,0.176755387,0.215400831,0.268826584,0.212583449,0.239479359,0.187126418,0.183627565,0.192439937,0.229327123,0.176290584,0.188985287,0.162118452,0.16828773,0.166573221,0.161699121,0.198549277,0.179026859,0.172840339,0.161681316,0.258580273,0.269567954,0.245591784,0.225058147,0.196008542,0.215340413,0.203522515,0.212085356,0.283176307,0.280657748,0.193111471,0.188464193,0.211942546,0.220145119,0.215406403,0.282417587,0.200128469,0.203579206,0.181148742,0.194685127,0.160456761,0.148194408,0.180024349,0.171930689,0.154282627,0.146201992,0.180248559,0.163194038,0.140554351,0.199347696,0.18045317,0.179549468,0.187969799,0.189230715,0.174773574,0.199057304,0.175664445,0.212095855,0.198850517,0.173551684,0.172975068,0.168620312,0.112289167,0.179624421,0.169299013,0.172845455,0.221825527,0.227101264,0.179630957,0.171431963,0.214426738,0.203639299,0.211077252,0.121105267,0.209907162,0.180112443,0.162029347,0.187286646,0.182019543,0.184178895,0.209061982,0.177649256,0.192968301,0.220216177,0.162005707,0.169203109,0.185316095,0.195612087,0.193017085,0.121066021,0.179640651,0.15705741,0.220183518,0.198855102,0.206329064,0.214198178,0.172087089,0.178146821,0.167216435,0.216978707,0.161758029,0.186885304,0.201375952,0.211174404,0.127533831,0.157597061
411_CC,0.138615373,0.112402084,0.128788301,0.161877303,0.198633172,0.142693914,0.153424343,0.187355175,0,0.074217897,0.190906394,0.16170258,0.163525617,0.140742135,0.162651688,0.166364619,0.172458981,0.118970856,0.148529697,0.147925882,0.15583507,0.19504061,0.172744845,0.142106019,0.186281858,0.151684898,0.172955853,0.191004817,0.153448264,0.213762104,0.217628352,0.167182582,0.151975427,0.133083902,0.185312404,0.206062054,0.163318451,0.135577462,0.155367661,0.15150177,0.195988148,0.3658327,0.217495031,0.144779371,0.231345553,0.174531255,0.18509247,0.167319315,0.152118733,0.18708249,0.210763707,0.161618593,0.220513222,0.167885359,0.188014623,0.202988334,0.170847475,0.151374876,0.198442734,0.151008879,0.149846153,0.131334201,0.181665497,0.145823797,0.18555423,0.150656743,0.168184924,0.169804051,0.20185825,0.245532478,0.217944925,0.156540637,0.180028447,0.149388522,0.159061126,0.255422753,0.25421675,0.147789004,0.159581636,0.167956577,0.175491365,0.163393553,0.212155621,0.191937944,0.177611643,0.184020556,0.167452795,0.228276388,0.185105899,0.179771905,0.183873535,0.193150831,0.144010012,0.17334382,0.217445981,0.164768487,0.126818709,0.197102018,0.162354667,0.141499399,0.115241815,0.164587219,0.184992934,0.187361529,0.122783285,0.128701455,0.156056586,0.154582416,0.205233238,0.181473418,0.136374397,0.160037762,0.191416364,0.176904513,0.204459831,0.110717734,0.133917286,0.15373621,0.194845669,0.156102084,0.192676611,0.17002048,0.10760178,0.185296357,0.189259857,0.183933556,0.218637353,0.178072315,0.238837596,0.126681077,0.167691319,0.173215773,0.162709964,0.139276066,0.223496277,0.135118351,0.162827358,0.177896021,0.14359896,0.154273466,0.183009451,0.229302647,0.255117531,0.116394711,0.128842827,0.138161118,0.16100103,0.174966139,0.183272683,0.145364753,0.16586343,0.193975621,0.211114093
411_CL,0.151177627,0.136340196,0.151897536,0.195227784,0.189064732,0.170773272,0.152602065,0.189389756,0.074217897,0,0.168646782,0.185549807,0.155742316,0.176879429,0.20145743,0.18855844,0.224014408,0.162329527,0.171790678,0.137769717,0.167870701,0.193336535,0.211967971,0.172792933,0.214393407,0.184666581,0.217150176,0.19315875,0.160586561,0.205043722,0.209168771,0.201794658,0.191784087,0.157635319,0.199695397,0.243215063,0.18967848,0.170211081,0.175430406,0.190913528,0.204000409,0.377257556,0.219582369,0.171301608,0.23112713,0.175338624,0.221343115,0.1646613,0.195573594,0.193820063,0.232769666,0.183168493,0.236925016,0.194767626,0.217029561,0.173014185,0.161785771,0.155195119,0.178982645,0.137583947,0.177218975,0.173673879,0.180590382,0.162466061,0.199514836,0.146268603,0.19093742,0.197815379,0.222133074,0.27983954,0.213992991,0.133740654,0.166196448,0.162523777,0.167587634,0.287480315,0.271374702,0.121837038,0.164948791,0.198971954,0.199574717,0.187785212,0.232933252,0.187837733,0.190650035,0.16946388,0.192315339,0.2340741,0.169258907,0.196804748,0.191268126,0.197606823,0.145120239,0.170711316,0.204453562,0.147184321,0.129989696,0.190356556,0.153624704,0.165074427,0.156187623,0.189897052,0.153223926,0.18628012,0.149138813,0.170068512,0.17628916,0.175739359,0.179207779,0.221436574,0.146203124,0.176655408,0.17434309,0.198289872,0.194936024,0.141372538,0.106947084,0.149589238,0.168854563,0.14731762,0.153454568,0.161495415,0.140295937,0.147771838,0.192101633,0.182914601,0.203663494,0.170980809,0.226839015,0.149424353,0.17943784,0.168714363,0.173779007,0.184568512,0.183246941,0.162907683,0.183352969,0.164285143,0.13742339,0.174918926,0.156827271,0.220189969,0.24280223,0.123470442,0.154596084,0.15364275,0.186284517,0.178611352,0.198766709,0.186493158,0.201359844,0.229642417,0.204182137
412_CC,0.19229075,0.192954209,0.185820853,0.166321986,0.201841119,0.186536441,0.181400619,0.178465811,0.190906394,0.168646782,0,0.079428076,0.156925148,0.154774348,0.201214923,0.220339787,0.195419828,0.210106429,0.188008864,0.200515685,0.201040274,0.165727136,0.223473973,0.197632468,0.177145513,0.225349098,0.220434539,0.170866938,0.199354855,0.195629433,0.207644002,0.141696397,0.142967825,0.216140214,0.204328829,0.223362913,0.202106875,0.210269228,0.270071951,0.223461347,0.181612472,0.405173149,0.18698587,0.236040876,0.201222439,0.156350009,0.189057019,0.183588356,0.166008533,0.161970937,0.263335548,0.224529033,0.187877912,0.212747803,0.205818035,0.170594591,0.201093292,0.181902008,0.173259498,0.180311459,0.149079841,0.221939544,0.162572069,0.203637277,0.240486916,0.188246572,0.168600579,0.286047432,0.253697121,0.274769452,0.21310572,0.213765822,0.250573847,0.207784455,0.207549752,0.305695046,0.295534459,0.162636693,0.178492046,0.224972273,0.194926788,0.210622893,0.273416622,0.223786404,0.221722027,0.225547286,0.238134941,0.216333339,0.167542172,0.206012245,0.15722394,0.251423975,0.155312555,0.223391648,0.186317616,0.18377497,0.21364996,0.20013372,0.204807535,0.221570206,0.225114022,0.203723448,0.2394259,0.189272412,0.21714536,0.217799285,0.17517927,0.199401369,0.175755552,0.242358342,0.246483129,0.270895118,0.195190841,0.232662753,0.203311924,0.192428135,0.174502978,0.20412994,0.149448387,0.223439973,0.202788939,0.163186252,0.187048352,0.144972508,0.175294204,0.168515862,0.214348886,0.174097603,0.217461105,0.213015853,0.233799733,0.228690801,0.19113093,0.192178077,0.155440434,0.24162996,0.206862123,0.166113099,0.192151585,0.264254952,0.240529186,0.241454612,0.24348441,0.193857961,0.20060628,0.199916483,0.248272271,0.176488684,0.180436991,0.203251995,0.223264587,0.240311708,0.19295924
412_CL,0.204626992,0.176411023,0.185490728,0.141966007,0.208530863,0.1621714,0.210635381,0.19548533,0.16170258,0.185549807,0.079428076,0,0.162537198,0.151026925,0.18058284,0.216478598,0.173970857,0.191004437,0.187162691,0.203687097,0.19677603,0.186674999,0.20950758,0.16736794,0.146065009,0.198315064,0.190178051,0.174518233,0.203082545,0.207828279,0.22187227,0.125381118,0.116302308,0.198280469,0.172634563,0.198680591,0.182098014,0.178052214,0.246445734,0.204316601,0.187416944,0.375254655,0.200343225,0.208930481,0.209687276,0.175465854,0.184425869,0.210525437,0.1478471,0.160537361,0.236042009,0.225429162,0.176322392,0.183529382,0.181068542,0.194287539,0.210675017,0.173204231,0.207420967,0.20777174,0.147851767,0.198341614,0.194804738,0.178652882,0.233834112,0.207406341,0.161669783,0.243076868,0.226182931,0.237979618,0.216874131,0.254452005,0.266710802,0.222623267,0.208345403,0.280776829,0.278693866,0.200270784,0.186758302,0.198148198,0.176715965,0.196404215,0.261940718,0.221463697,0.227565946,0.251099066,0.229410469,0.215267617,0.183449472,0.207213549,0.163988842,0.25137217,0.147539505,0.232457703,0.194213527,0.204530266,0.213591579,0.206973167,0.216831475,0.193706258,0.200906683,0.174431233,0.246394096,0.203348561,0.198246282,0.194323962,0.156302827,0.174252211,0.188575154,0.213433864,0.218980338,0.248978616,0.207135952,0.205394428,0.218791807,0.183997225,0.21382145,0.203068096,0.192533351,0.221370678,0.246881279,0.183908043,0.167983568,0.191786126,0.189806644,0.167055488,0.223825908,0.176381746,0.230150829,0.194670218,0.21979064,0.231044836,0.187060434,0.174118786,0.185754779,0.212704888,0.186200389,0.199505849,0.209580171,0.24967693,0.25660716,0.252106162,0.262740534,0.173832365,0.182712481,0.193930861,0.217611871,0.17507298,0.203274344,0.180117002,0.197713418,0.216081306,0.212354872
414_CC,0.170902996,0.163199359,0.173469871,0.164342499,0.144703474,0.162635214,0.181238461,0.176328525,0.163525617,0.155742316,0.156925148,0.162537198,0,0.194383689,0.199403375,0.202907571,0.195672273,0.190131532,0.138067539,0.171876601,0.181662264,0.143004145,0.187316679,0.169392973,0.167905764,0.206389285,0.209983937,0.200829004,0.164845217,0.183757362,0.157196031,0.191508553,0.181322343,0.191959209,0.203043918,0.182246728,0.202453174,0.177709861,0.255396606,0.172968054,0.149558651,0.384825316,0.168277833,0.184796833,0.157785048,0.137962442,0.188255113,0.169676027,0.16039129,0.148846295,0.251030091,0.203925457,0.213960051,0.161985278,0.214522006,0.182459159,0.227896515,0.132825223,0.172663578,0.172496732,0.161945554,0.201092353,0.137452082,0.16431124,0.251693187,0.177139587,0.17685643,0.229062938,0.244864549,0.252859803,0.192301725,0.20699693,0.221085074,0.190696913,0.221453418,0.266080597,0.249493664,0.192439788,0.193417684,0.166968177,0.176641357,0.163637571,0.231192811,0.172640252,0.17129289,0.226548735,0.247789625,0.203008171,0.146868656,0.201303089,0.154541647,0.236379134,0.166110049,0.186226839,0.162407302,0.146903714,0.200622569,0.179401793,0.191419076,0.194732941,0.193013314,0.170492012,0.208410869,0.16685867,0.197974386,0.189171371,0.177258133,0.171128079,0.168500926,0.218655318,0.21608473,0.23649032,0.197750336,0.19922959,0.187180215,0.162111448,0.177811622,0.186721779,0.191727738,0.208978487,0.199625371,0.142407727,0.154760611,0.164406501,0.204329989,0.164226465,0.214966478,0.189730581,0.197551569,0.179007883,0.213415902,0.208800267,0.161468469,0.187580233,0.193856965,0.174323786,0.192530726,0.169235503,0.179305454,0.227342837,0.218464343,0.173257887,0.208669206,0.16384033,0.184876155,0.186854939,0.205548079,0.157533207,0.187805136,0.187671987,0.199510186,0.241752627,0.214590527
420_CC,0.181388425,0.150376698,0.163047594,0.153327878,0.199827747,0.142689773,0.202978268,0.179535302,0.140742135,0.176879429,0.154774348,0.151026925,0.194383689,0,0.080324373,0.180313227,0.144965216,0.174669608,0.163891292,0.175938786,0.168881943,0.186137419,0.215853204,0.191765531,0.169606445,0.194109272,0.196333063,0.203232563,0.223738902,0.215453142,0.22586907,0.174183986,0.160991306,0.16966781,0.171052457,0.223890114,0.2341767,0.142507896,0.187345327,0.216707324,0.200927867,0.405841672,0.225114284,0.20896042,0.244485691,0.170858102,0.149389308,0.205816777,0.154204286,0.192068334,0.253477157,0.166993159,0.181535411,0.190373139,0.160118114,0.200449516,0.209610286,0.169664009,0.198970263,0.196680762,0.147412013,0.163145808,0.188670181,0.192452543,0.220472748,0.184706865,0.15198025,0.236145006,0.25295048,0.274241048,0.277208195,0.210670164,0.236250229,0.199795701,0.203673444,0.270991441,0.266311136,0.177869091,0.143487495,0.21850315,0.206507532,0.210418094,0.251956804,0.208415743,0.202970975,0.230274175,0.210549312,0.230707866,0.169646116,0.168761535,0.158945413,0.236160998,0.135124611,0.203877228,0.183482379,0.18306469,0.185073553,0.204891779,0.21087976,0.200020878,0.17579506,0.157806738,0.19738969,0.182698757,0.163253806,0.175116619,0.147642346,0.167605298,0.192812537,0.188383886,0.173798409,0.218638652,0.179341791,0.2386398,0.269168139,0.1527988,0.178475876,0.205227321,0.19166839,0.213596584,0.232029128,0.203622545,0.165071248,0.149320255,0.163074713,0.154811134,0.179008069,0.230399812,0.22975206,0.193338841,0.205542079,0.215917201,0.163593852,0.101544056,0.179036765,0.194047738,0.159737324,0.191983475,0.188055372,0.163564889,0.200525808,0.225388083,0.238740931,0.156339212,0.143000036,0.170320614,0.207496429,0.162186909,0.168482439,0.184148947,0.20718952,0.169389253,0.173195017
420_CL,0.186172724,0.19017112,0.18675384,0.162549428,0.214520708,0.144703413,0.209512905,0.209257419,0.162651688,0.20145743,0.201214923,0.18058284,0.199403375,0.080324373,0,0.201404268,0.150420801,0.189239619,0.179693261,0.142700653,0.128798547,0.171654115,0.172844304,0.19675158,0.178654974,0.216506213,0.187258976,0.198391068,0.229881627,0.210124672,0.211119358,0.176431087,0.182401486,0.16359394,0.172225517,0.222367449,0.220689916,0.133469261,0.177556811,0.207987002,0.212622837,0.374709295,0.209148145,0.205323295,0.214267708,0.197644231,0.161498024,0.205835919,0.15100663,0.17950192,0.24749901,0.198091291,0.183971307,0.206927737,0.175385847,0.208893982,0.202057185,0.183794257,0.234954578,0.226295681,0.177397379,0.168844783,0.213047422,0.212463213,0.246286832,0.199540751,0.164493721,0.230315194,0.234259298,0.273142865,0.272378964,0.236104514,0.217331453,0.193352001,0.228856663,0.273518573,0.256957879,0.200653467,0.1656805,0.220147063,0.198362117,0.20543037,0.240918357,0.194795116,0.207370144,0.227902814,0.223422526,0.214176136,0.172871604,0.168031523,0.16978473,0.226174854,0.174270421,0.210481558,0.190789963,0.19337373,0.178701816,0.171713891,0.207652896,0.19347572,0.171639675,0.1469707,0.183854545,0.187095521,0.157435268,0.181634694,0.163409673,0.193345052,0.216854578,0.1930472,0.178561608,0.244153139,0.173463478,0.237332338,0.249693613,0.161633063,0.198730153,0.194019151,0.207535105,0.228693804,0.256645872,0.21470523,0.185022598,0.191257739,0.188065607,0.16865182,0.147954853,0.246451384,0.200960382,0.190644482,0.214023425,0.235708346,0.169229494,0.128643775,0.165813531,0.191217863,0.196372993,0.194816687,0.163476983,0.148416608,0.165635691,0.214173835,0.21434295,0.176377365,0.144274507,0.190372481,0.209351048,0.188500296,0.196469849,0.207141644,0.180902431,0.150503308,0.14790148
425_CC,0.133393998,0.138654265,0.161408914,0.224671597,0.217948425,0.187448635,0.177951455,0.211395981,0.166364619,0.18855844,0.220339787,0.216478598,0.202907571,0.180313227,0.201404268,0,0.111383194,0.097701679,0.149791626,0.205278903,0.180598843,0.21533468,0.209185827,0.191326947,0.219150633,0.146284375,0.202055783,0.207047386,0.213169416,0.285757057,0.265602906,0.213197987,0.202734693,0.167442113,0.217137213,0.218775669,0.225184966,0.216732852,0.178912771,0.189294332,0.205011542,0.375615669,0.277640153,0.16993111,0.273673877,0.198255813,0.201319538,0.188506773,0.188617097,0.245661181,0.220043103,0.112182022,0.23518482,0.21246083,0.226823653,0.229920043,0.18867608,0.155295989,0.181590658,0.13185343,0.192868756,0.167890425,0.168791745,0.165933154,0.163552658,0.176457929,0.175727729,0.243917884,0.258827431,0.294020317,0.255347071,0.209088704,0.235044604,0.165437067,0.22031956,0.267284429,0.29102362,0.18598004,0.201133104,0.155929159,0.165925445,0.180160452,0.244993265,0.150065009,0.123289797,0.226169411,0.210850635,0.2325949,0.216338058,0.162378442,0.186963873,0.181640876,0.184286338,0.137056557,0.224002979,0.189631849,0.177900527,0.258593993,0.212816369,0.187533453,0.176715606,0.211277907,0.201456866,0.23557294,0.194184855,0.168952795,0.197098433,0.20798162,0.234095233,0.229893605,0.178906766,0.209137219,0.251489143,0.216818615,0.249245779,0.15733945,0.180117239,0.169880419,0.216858326,0.203393569,0.209968226,0.219819011,0.167658842,0.198840616,0.17473642,0.186884624,0.255439584,0.188096073,0.243812153,0.193210695,0.209987088,0.193121411,0.18777059,0.160545332,0.236385101,0.165109643,0.235563309,0.179259419,0.184026692,0.188811175,0.222659825,0.235007128,0.270482715,0.173736233,0.172600156,0.139532489,0.186952074,0.176299842,0.183814067,0.171639916,0.209526981,0.231028416,0.233356451
425_CL,0.165793841,0.146615576,0.178462353,0.182993077,0.182937482,0.145674645,0.168627089,0.169526308,0.172458981,0.224014408,0.195419828,0.173970857,0.195672273,0.144965216,0.150420801,0.111383194,0,0.099628076,0.141889502,0.183030867,0.125660279,0.184779646,0.212220594,0.194167815,0.177789705,0.187568583,0.218454035,0.174711714,0.199224027,0.235154315,0.226679405,0.169171764,0.157941448,0.187146906,0.17448038,0.182559017,0.212837604,0.183198326,0.191893104,0.168806114,0.182967901,0.366222776,0.221466256,0.205019151,0.241298504,0.16615084,0.156081481,0.205537453,0.158283962,0.211816328,0.237530752,0.158595248,0.197343743,0.173021412,0.187569852,0.201625831,0.20964096,0.146566633,0.182095881,0.15581115,0.166981445,0.183917059,0.194484852,0.177751754,0.20619901,0.17650476,0.141307319,0.242435963,0.261376752,0.241524053,0.240246186,0.209906342,0.237758674,0.170988379,0.208119244,0.248616674,0.248454979,0.216010952,0.185347358,0.177524273,0.172777095,0.182920445,0.251625953,0.153378198,0.179197625,0.229375724,0.203584248,0.224628415,0.190616901,0.171912659,0.174900278,0.241837887,0.156751173,0.172431771,0.188918159,0.171898228,0.215919468,0.198431049,0.204772015,0.186905035,0.141525395,0.166118982,0.208986067,0.209437461,0.214183705,0.185228763,0.164190982,0.16473855,0.202633092,0.182473294,0.200546575,0.240876238,0.208959146,0.210823971,0.250816802,0.182055374,0.217272623,0.215927995,0.215542926,0.221615858,0.235453284,0.232646001,0.177987008,0.190507983,0.17046767,0.160822528,0.202479414,0.212828468,0.198676144,0.202998159,0.214071098,0.235893781,0.172193106,0.132646806,0.208651251,0.162732567,0.183029293,0.213002834,0.179706281,0.206619164,0.21140948,0.208571381,0.227233518,0.192696454,0.166991973,0.155397131,0.203614379,0.166522944,0.173308834,0.207855556,0.196257365,0.176160551,0.176071213
427_CC,0.134393746,0.123189195,0.128868874,0.191211457,0.197545418,0.147339824,0.110648476,0.164702979,0.118970856,0.162329527,0.210106429,0.191004437,0.190131532,0.174669608,0.189239619,0.097701679,0.099628076,0,0.115284209,0.163111972,0.134534578,0.163499187,0.163883725,0.162851363,0.188247422,0.169073013,0.17130808,0.196089231,0.183695872,0.231615656,0.229601463,0.185009564,0.173931256,0.134647822,0.172658447,0.205239846,0.17041888,0.18514071,0.173646821,0.154721655,0.197174973,0.349876935,0.237520933,0.157267052,0.220391452,0.153885955,0.149608185,0.140757048,0.165910466,0.212084778,0.215916233,0.153532058,0.231190781,0.187776638,0.192073775,0.214670798,0.164479297,0.140264736,0.195743665,0.129223472,0.172493722,0.134589204,0.162323086,0.148060439,0.192404534,0.171331765,0.160667254,0.190701506,0.204652175,0.243217739,0.198125749,0.176601069,0.190276735,0.145101988,0.160472621,0.259618845,0.255366395,0.172537034,0.181830118,0.155772642,0.167223891,0.157657594,0.227477956,0.142489094,0.139447757,0.170568496,0.150971044,0.214284679,0.181876424,0.184989466,0.183402818,0.188120006,0.167515017,0.140423528,0.185089193,0.173628399,0.166600121,0.209471511,0.175334809,0.134160324,0.126634002,0.17284275,0.174824736,0.207099062,0.164919407,0.135177936,0.168827734,0.162956066,0.186752965,0.180010469,0.143894857,0.200173889,0.197327677,0.170303234,0.198587691,0.133538119,0.161477204,0.154117526,0.182224706,0.170931258,0.187124375,0.19396614,0.146536256,0.189352173,0.180491297,0.172692078,0.219359732,0.164130111,0.204309551,0.1441608,0.164981931,0.183991839,0.182220085,0.172098519,0.227589636,0.14566317,0.188145878,0.170758152,0.130771377,0.184313584,0.174758671,0.211297042,0.232163792,0.143706615,0.144035709,0.113342421,0.160449121,0.160391944,0.175935184,0.169489166,0.165057296,0.215705098,0.210618517
427_CL,0.183165841,0.167940455,0.173071587,0.18251702,0.169950954,0.140941472,0.157018681,0.165691515,0.148529697,0.171790678,0.188008864,0.187162691,0.138067539,0.163891292,0.179693261,0.149791626,0.141889502,0.115284209,0,0.140070255,0.142737247,0.151765216,0.21043834,0.200392326,0.178384198,0.182317005,0.219587661,0.218309658,0.20302929,0.214524682,0.217872939,0.200409054,0.192452253,0.176244414,0.168879242,0.191783796,0.221309036,0.158877964,0.202519752,0.20966477,0.154492576,0.420761473,0.209448765,0.159198866,0.184376679,0.126740097,0.170148586,0.18653018,0.155503331,0.185049441,0.242047418,0.170881878,0.225748103,0.198489981,0.199926458,0.198211325,0.218881988,0.152888815,0.146163182,0.174733347,0.179823797,0.196479922,0.205371402,0.196212056,0.220917598,0.194821652,0.172558765,0.235217006,0.259505879,0.235753653,0.211814491,0.207424373,0.205426012,0.196787402,0.212920762,0.241778752,0.256594613,0.17196292,0.162815234,0.174725693,0.212230613,0.203141382,0.271323588,0.205445822,0.177914949,0.221214613,0.216622267,0.219733046,0.168950944,0.148442141,0.175599004,0.201474222,0.151180053,0.138252731,0.172158617,0.153772231,0.203929707,0.170826287,0.185094495,0.180313299,0.166584063,0.154088234,0.193997598,0.174560642,0.19545122,0.175219233,0.159631474,0.16446401,0.163545619,0.190657932,0.20053855,0.211677755,0.185672478,0.220942993,0.228292442,0.159429365,0.179278032,0.199195592,0.212999389,0.217227379,0.207132657,0.197650789,0.171457021,0.178949731,0.159615805,0.171412594,0.202964544,0.216982148,0.205119704,0.174171126,0.198997365,0.233134165,0.177927814,0.115395192,0.17816428,0.19319369,0.166692152,0.19295913,0.149737957,0.203051358,0.214090163,0.189055576,0.211242877,0.166841726,0.183895251,0.171087492,0.203241288,0.165451036,0.173874289,0.18324487,0.208269066,0.225363142,0.194017608
428_CC,0.153959463,0.193676428,0.181439694,0.167147955,0.191377234,0.143872211,0.169948544,0.205605427,0.147925882,0.137769717,0.200515685,0.203687097,0.171876601,0.175938786,0.142700653,0.205278903,0.183030867,0.163111972,0.140070255,0,0.072319858,0.171378917,0.211845377,0.202074091,0.181019073,0.206312514,0.208087479,0.158939043,0.224099763,0.185302051,0.190464621,0.179897067,0.18578424,0.162598007,0.167420061,0.204352412,0.190079868,0.141210818,0.201482673,0.193829691,0.198157115,0.370552439,0.192703522,0.169143906,0.183341232,0.17873651,0.177909408,0.197054645,0.157799627,0.142884574,0.244069616,0.198947443,0.185070663,0.172646938,0.190540961,0.195274028,0.182531163,0.136902492,0.180171948,0.208684716,0.173990231,0.194948832,0.241097312,0.204948199,0.231542532,0.224719799,0.171920032,0.1721144,0.198416658,0.219991168,0.231989625,0.18407538,0.188798732,0.16795693,0.19772029,0.233244418,0.187032007,0.179806895,0.117815254,0.207464472,0.197771946,0.201036992,0.243256857,0.200652665,0.196361819,0.203890674,0.20403595,0.18530045,0.18026472,0.152040205,0.16034536,0.195758447,0.138795157,0.198819256,0.195088552,0.16436404,0.153875683,0.14412996,0.177202554,0.177866827,0.182819632,0.142944387,0.19689316,0.199276624,0.172229017,0.192941997,0.155961059,0.15702006,0.181551163,0.172242267,0.162410205,0.204908973,0.159245207,0.204860322,0.221021147,0.168633391,0.174398865,0.159099899,0.253122891,0.163373707,0.215496534,0.232584213,0.182445771,0.181447618,0.163881761,0.151466915,0.206353567,0.190353507,0.194646259,0.157257731,0.200433983,0.2050201,0.147635479,0.163277079,0.177591382,0.178652214,0.182246791,0.214149209,0.17412559,0.191116537,0.189575145,0.204872295,0.218777197,0.171153667,0.19936668,0.1745852,0.194057399,0.154421937,0.153254745,0.213954154,0.20777932,0.213509943,0.208101528
428_CL,0.157013506,0.181399588,0.189910204,0.188725698,0.191244445,0.134646224,0.163258415,0.179708076,0.15583507,0.167870701,0.201040274,0.19677603,0.181662264,0.168881943,0.128798547,0.180598843,0.125660279,0.134534578,0.142737247,0.072319858,0,0.164221668,0.17721744,0.183049708,0.165579815,0.213292982,0.197736789,0.193541712,0.239826158,0.207706866,0.212540223,0.201223089,0.195943197,0.159644876,0.150318718,0.184956814,0.180324969,0.156862956,0.185451999,0.174267653,0.188333435,0.348222528,0.195467463,0.161221666,0.182405846,0.166746133,0.157759427,0.189116255,0.143359845,0.140855044,0.188377805,0.187664086,0.173640262,0.158431325,0.174175776,0.170359726,0.176988399,0.129923758,0.180163143,0.203787173,0.181858217,0.17004104,0.228728471,0.207445601,0.238769655,0.215418137,0.195934896,0.197635726,0.225451264,0.221060443,0.22542497,0.183261345,0.208309696,0.15042432,0.194390814,0.242588481,0.242388468,0.179182938,0.153319228,0.195926885,0.199949105,0.201609605,0.260684383,0.152874827,0.170594234,0.187880863,0.191081154,0.193862941,0.191170308,0.152990674,0.162428446,0.2030044,0.127024582,0.200972682,0.164940932,0.150733726,0.18362045,0.143243775,0.168581209,0.159859134,0.124664138,0.121022765,0.184820863,0.198297414,0.198543527,0.182376112,0.131190556,0.145873029,0.190491617,0.146763604,0.174033323,0.231728452,0.16890836,0.21226086,0.23000012,0.169619206,0.196910901,0.168723495,0.219222838,0.170716839,0.216650262,0.237431921,0.169053933,0.170146982,0.163469529,0.170353792,0.190729494,0.193504824,0.173806336,0.155457497,0.196132067,0.213199088,0.13824645,0.160753855,0.171844573,0.158172335,0.157999477,0.205153975,0.172362657,0.174243797,0.173751964,0.191566195,0.209292627,0.174195539,0.143756857,0.146618546,0.185277359,0.149809249,0.16037862,0.204640693,0.180731797,0.178626647,0.190869146
