,403_IC,403_IL,405_IC,405_IL,407_IC,407_IL,408_IC,408_IL,411_IC,411_IL,412_IC,412_IL,414_IC,414_IL,420_IC,420_IL,425_IC,425_IL,427_IC,427_IL,428_IC,428_IL,431_IC,431_IL,432_IC,432_IL,433_IC,433_IL,437_IC,437_IL,438_IC,438_IL,439_IC,439_IL,444_IC,444_IL,449_IC,449_IL,450_IC,450_IL,451_IC,451_IL,452_IC,452_IL,456_IC,456_IL,459_IC,459_IL,461_IC,461_IL,463_IC,463_IL,464_IC,464_IL,465_IC,465_IL,466_IC,466_IL,471_IC,471_IL,472_IC,472_IL,475_IC,475_IL,476_IC,476_IL,478_IC,478_IL,481_IC,481_IL,482_IC,482_IL,484_IC,484_IL,485_IC,485_IL,489_IC,489_IL,495_IC,495_IL,500_IC,500_IL,505_IC,505_IL,509_IC,509_IL,510_IC,510_IL,515_IC,515_IL,517_IC,517_IL,518_IC,518_IL,519_IC,519_IL,521_IC,521_IL,522_IC,522_IL,524_IC,524_IL,528_IC,528_IL,532_IC,532_IL,534_IC,534_IL,535_IC,535_IL,536_IC,536_IL,538_IC,538_IL,541_IC,541_IL,542_IC,542_IL,547_IC,547_IL,548_IC,548_IL,549_IC,549_IL,553_IC,553_IL,555_IC,555_IL,562_IC,562_IL,564_IC,564_IL,568_IC,568_IL,571_IC,571_IL,572_IC,572_IL,573_IC,573_IL,577_IC,577_IL,578_IC,578_IL,579_IC,579_IL,580_IC,580_IL,584_IC,584_IL,590_IC,590_IL,592_IC,592_IL
403_IC,0,0.259548189,0.304328899,0.228018951,0.345535383,0.261678377,0.298169792,0.290369371,0.275435633,0.373232594,0.381195425,0.303161531,0.289925133,0.371481911,0.266285608,0.430160528,0.378741639,0.229941521,0.353173431,0.388517063,0.296242502,0.21303378,0.275588614,0.284636958,0.223693013,0.320410109,0.336180578,0.441667824,0.242076397,0.27583492,0.303155409,0.308964607,0.185788354,0.323506734,0.279820648,0.237377707,0.302657027,0.280585397,0.380781857,0.364150869,0.330501183,0.359280515,0.388306343,0.258772594,0.267695049,0.221413743,0.383432803,0.388986355,0.331706015,0.39763496,0.36819916,0.34103811,0.264984407,0.273988551,0.291476357,0.269553251,0.193557981,0.392395874,0.373417871,0.441939943,0.335623769,0.255280477,0.497428681,0.471244195,0.202027375,0.327072447,0.318011875,0.296609884,0.282709033,0.283672325,0.355470383,0.284946042,0.272298433,0.27962375,0.370271783,0.452574794,0.263019156,0.309218936,0.293788723,0.342366128,0.511927058,0.433939652,0.301188711,0.384429799,0.316654104,0.234246077,0.31130606,0.338263572,0.409377612,0.517616156,0.283289876,0.318648945,0.297914928,0.408749592,0.277229421,0.355423139,0.348202093,0.308047992,0.358575948,0.271687468,0.447046338,0.390817225,0.328450512,0.366144186,0.291003879,0.327839779,0.341832308,0.379435794,0.247173643,0.22416261,0.338853774,0.293395687,0.223373565,0.301994468,0.552389165,0.349310562,0.27456919,0.313506614,0.327586329,0.38172329,0.278724204,0.304741924,0.277428646,0.404291663,0.276428788,0.227308357,0.205539673,0.283158786,0.247447574,0.284180186,0.281712422,0.339705938,0.336732737,0.266841838,0.241124637,0.303591904,0.369847801,0.350716114,0.31455205,0.305344361,0.302573483,0.307621193,0.310500886,0.367141394,0.333118319,0.335101409,0.289774415,0.322949153,0.301436129,0.34817601,0.293807772,0.345168424,0.389139167,0.264367314
403_IL,0.259548189,0,0.406116008,0.283050078,0.456129898,0.304089626,0.295312626,0.344142522,0.288142597,0.386259761,0.45221305,0.378111155,0.349028985,0.373130654,0.330474754,0.38091351,0.378898915,0.250593623,0.316972219,0.340610673,0.421742829,0.324954806,0.277032031,0.276662148,0.31643096,0.29595548,0.338038433,0.316210991,0.333763187,0.25515028,0.371230448,0.343589236,0.284866975,0.298475817,0.378797398,0.329748763,0.390630638,0.344315012,0.363006217,0.298983138,0.296486852,0.334000716,0.428765938,0.253306297,0.338862794,0.236417088,0.473419689,0.473114687,0.431527988,0.417192652,0.451078964,0.35842347,0.352171163,0.381811151,0.267699598,0.327509636,0.272501472,0.369657828,0.415510147,0.395768583,0.44182191,0.27867082,0.519162367,0.53939368,0.284162214,0.281128566,0.396193263,0.297156681,0.370773145,0.307527254,0.391188846,0.333719234,0.314724768,0.315228016,0.433255191,0.518968415,0.354199322,0.350314346,0.379046074,0.364788225,0.582527208,0.395942849,0.363670443,0.371235853,0.378657214,0.259848595,0.384712796,0.363992745,0.496488726,0.514841662,0.366630289,0.354080785,0.34050178,0.368723162,0.319050726,0.291511262,0.400500002,0.230350329,0.331230945,0.31879119,0.40353517,0.450510796,0.407387373,0.276881987,0.315868057,0.23779855,0.449248504,0.316790642,0.301998484,0.299935757,0.409526188,0.319428944,0.293897131,0.371387706,0.589578755,0.421964647,0.313301133,0.284024888,0.430494202,0.438606743,0.404763477,0.274312038,0.315223335,0.360258202,0.346221967,0.301195818,0.3113206,0.286814154,0.205222078,0.251974189,0.364274504,0.282736805,0.380815871,0.19794052,0.357901718,0.373292763,0.304128317,0.318743866,0.381631536,0.275875932,0.338755033,0.357860669,0.400970839,0.338143063,0.357649855,0.285839213,0.350800391,0.332556476,0.375635798,0.403134134,0.312566247,0.318116339,0.366248477,0.327769639
405_IC,0.304328899,0.406116008,0,0.353016187,0.339417318,0.36941087,0.344730896,0.382055125,0.327801996,0.316023878,0.36489765,0.325057285,0.438493613,0.448980173,0.377606673,0.531532651,0.411800375,0.360330482,0.464441808,0.48383083,0.323043978,0.35477704,0.340889123,0.422006241,0.345479715,0.481280819,0.362500174,0.515172733,0.295151676,0.433746053,0.364338399,0.385653036,0.33577243,0.415350309,0.290091177,0.410840347,0.370080849,0.38991314,0.34865326,0.488072254,0.476867283,0.496254099,0.518236602,0.40884797,0.399758083,0.358190694,0.465004251,0.472567574,0.452293212,0.487736285,0.453313931,0.419552709,0.353617194,0.349085935,0.348987571,0.338497755,0.373484715,0.486950195,0.334770762,0.46875792,0.348414751,0.382294491,0.507296717,0.551876305,0.33827299,0.424293041,0.380864301,0.408895143,0.272231005,0.409574647,0.282857058,0.367457102,0.31542145,0.363612206,0.465792221,0.498413798,0.38096137,0.320096167,0.388155584,0.440388092,0.569101487,0.558342814,0.336501044,0.457608281,0.326259634,0.353140957,0.387489153,0.405878494,0.450317338,0.530424069,0.219667502,0.258538826,0.389930636,0.504271486,0.378979307,0.472168015,0.412990924,0.460848096,0.497210002,0.333055526,0.401218247,0.430151409,0.349696442,0.490603941,0.437156767,0.423204464,0.3223787,0.477099229,0.383720257,0.343634861,0.394553104,0.370371259,0.328747408,0.348006357,0.53564656,0.430050734,0.287696662,0.444995913,0.417009327,0.4301401,0.335443457,0.366520479,0.405310687,0.524749651,0.369176209,0.377217514,0.349278351,0.336857299,0.311979112,0.428298007,0.352120634,0.478307129,0.273705739,0.396004038,0.369723477,0.408588137,0.469093462,0.472193781,0.398484194,0.36786412,0.343651604,0.42392169,0.265603199,0.39823682,0.412793754,0.473025723,0.438809082,0.390718926,0.27452112,0.201218905,0.384088458,0.442976442,0.517587512,0.346642916
405_IL,0.228018951,0.283050078,0.353016187,0,0.361422076,0.227336906,0.220991404,0.276954763,0.225314282,0.263888545,0.317289883,0.254781479,0.282103937,0.420030451,0.249219722,0.455255387,0.301712829,0.159980114,0.412867154,0.455432998,0.336144485,0.211921898,0.275800383,0.287015467,0.206695972,0.371892514,0.281883998,0.355677863,0.265244268,0.298426229,0.233413293,0.279410089,0.210645306,0.269491942,0.238274057,0.260962809,0.20933575,0.201695157,0.302982137,0.389180677,0.385164986,0.40744118,0.450819013,0.23445685,0.310393726,0.187978199,0.303768318,0.359866558,0.290534964,0.396432052,0.332127345,0.237988555,0.275419443,0.240993884,0.292860015,0.213787478,0.202050506,0.451147861,0.327345711,0.350003708,0.310451611,0.205087821,0.422660971,0.412326662,0.254485453,0.416855414,0.236534943,0.347332998,0.265825495,0.269800418,0.356193865,0.294733179,0.299563567,0.248826041,0.287402375,0.369137143,0.239268467,0.232843342,0.189657096,0.256150843,0.438587859,0.481959072,0.338899425,0.328549807,0.304305888,0.132353488,0.279634751,0.3431517,0.352706686,0.448470868,0.29155268,0.241696572,0.21408734,0.45747838,0.293571812,0.374067038,0.357190184,0.33302273,0.421184715,0.221889135,0.38177271,0.302999785,0.292139394,0.34885421,0.333746599,0.346614987,0.357307364,0.38815267,0.234640966,0.206180854,0.310464726,0.23826067,0.255169513,0.20542415,0.523430687,0.276436155,0.260096847,0.351066349,0.272947724,0.305283436,0.31014806,0.247346766,0.375901946,0.426074653,0.16467942,0.185107869,0.272581695,0.204537698,0.261316159,0.235501175,0.217736015,0.344527213,0.304700296,0.234692084,0.18024942,0.204940116,0.438998041,0.396496157,0.231367665,0.189305633,0.208538175,0.203605762,0.239748955,0.284100944,0.296274972,0.358512749,0.313015883,0.200928592,0.314129362,0.329666298,0.221215226,0.224457727,0.454382956,0.20302358
407_IC,0.345535383,0.456129898,0.339417318,0.361422076,0,0.308447512,0.402340384,0.416510271,0.432578591,0.350275852,0.263003436,0.320583145,0.292602542,0.500436008,0.396302109,0.577694345,0.467117517,0.3726482,0.495682068,0.534204593,0.190695427,0.380497303,0.46567691,0.467899269,0.35524895,0.525320483,0.38572182,0.514625846,0.268103356,0.397970647,0.38547097,0.384451858,0.366515165,0.395275538,0.360184026,0.409282197,0.339263458,0.374207362,0.399596716,0.490436759,0.508249612,0.547935201,0.472949012,0.397198846,0.36643115,0.411031094,0.422517703,0.337235655,0.451558039,0.421799476,0.367588506,0.39869972,0.377070035,0.35614425,0.447423902,0.325638569,0.349725615,0.517980596,0.339772022,0.416437771,0.180929426,0.320359745,0.543241248,0.435474785,0.330394555,0.4694775,0.32365244,0.405203708,0.287450843,0.421335431,0.358476074,0.328149644,0.348686776,0.367213344,0.437348946,0.502784595,0.362296024,0.310141234,0.416574219,0.409738898,0.484569201,0.493849153,0.272544294,0.49398281,0.32312152,0.355359756,0.343376687,0.389133761,0.455739043,0.476073301,0.327635595,0.308624481,0.364016659,0.484238143,0.409335243,0.454287131,0.324132402,0.5085512,0.535230209,0.332597221,0.394930898,0.390733994,0.290416267,0.515447253,0.47585476,0.518297082,0.318143225,0.542211185,0.288562137,0.3490956,0.274940758,0.409262803,0.333530688,0.321085119,0.544299867,0.382178394,0.288341655,0.478156768,0.262373314,0.37857424,0.242456275,0.401193587,0.408559441,0.511363747,0.339576406,0.314615459,0.35020126,0.358367251,0.360922681,0.435615449,0.31239491,0.509644776,0.267834124,0.426906002,0.33365676,0.338725779,0.483337907,0.525358906,0.26509879,0.381652298,0.356406872,0.379102245,0.226830437,0.43383634,0.331467633,0.480337826,0.353614165,0.338031232,0.336153054,0.276328755,0.406241946,0.391573785,0.522859834,0.370728528
407_IL,0.261678377,0.304089626,0.36941087,0.227336906,0.308447512,0,0.295232386,0.318457332,0.338875322,0.244267872,0.344283146,0.298054444,0.317000401,0.504313019,0.305933201,0.512562279,0.373798534,0.238990707,0.476427178,0.510738444,0.313432493,0.300170824,0.357445217,0.378420532,0.266215743,0.455189386,0.281642972,0.335990864,0.243850754,0.362792359,0.27372973,0.334629511,0.281610459,0.30197216,0.364430719,0.329374032,0.208683331,0.258589282,0.375594511,0.463231682,0.441859803,0.478520244,0.532578526,0.295122435,0.353835879,0.246725286,0.298646585,0.315908681,0.315061971,0.342040208,0.340369871,0.277855544,0.302139346,0.269046566,0.336798526,0.293783084,0.252595502,0.50490434,0.327258289,0.365060765,0.274180396,0.16858231,0.419998845,0.415918109,0.251541016,0.464847872,0.298491552,0.423934211,0.315634963,0.277491421,0.340806892,0.306118589,0.281400187,0.251677806,0.347930332,0.34024544,0.282975937,0.30859696,0.290212429,0.222025648,0.4412697,0.52746218,0.351725831,0.393627404,0.326174276,0.243949597,0.323812228,0.367681886,0.337556762,0.396105356,0.322901223,0.300619084,0.243290674,0.517284511,0.325001453,0.437147239,0.406123695,0.384011566,0.485562267,0.242292393,0.393079127,0.342750171,0.342255289,0.425207192,0.391566377,0.41626719,0.302153145,0.459303833,0.211997899,0.244168625,0.275316661,0.305758649,0.248675931,0.24043076,0.520159627,0.235855554,0.301749206,0.398510722,0.257511828,0.353095743,0.350492785,0.290336259,0.415093114,0.477047758,0.239026427,0.215227494,0.25659001,0.241824921,0.26872832,0.319086388,0.20618928,0.420663563,0.254703392,0.310528005,0.224391474,0.217186689,0.503801214,0.458873918,0.271618064,0.220588112,0.246389744,0.241421283,0.205293237,0.299018157,0.320147227,0.388903718,0.361826171,0.220121127,0.331519426,0.325632138,0.254369445,0.252476949,0.512925498,0.268734141
408_IC,0.298169792,0.295312626,0.344730896,0.220991404,0.402340384,0.295232386,0,0.269215245,0.230237337,0.310787525,0.403810502,0.298315256,0.320799384,0.403077985,0.255439362,0.465242753,0.284460344,0.320397881,0.383828517,0.399703973,0.380180911,0.278716494,0.291883309,0.295883542,0.307975312,0.380202561,0.239046947,0.382550567,0.318686328,0.350387338,0.311782592,0.358786911,0.269334419,0.335921073,0.283418728,0.31089667,0.277304256,0.320195528,0.328764244,0.386040019,0.385508325,0.406324348,0.448362744,0.296493284,0.356336844,0.301081541,0.384809726,0.407508824,0.370049964,0.437324495,0.365450883,0.32323404,0.321615978,0.287220566,0.31130946,0.330932274,0.277007987,0.423734331,0.319161616,0.419415417,0.359611654,0.312851623,0.417885294,0.456013787,0.300669098,0.366594921,0.337817471,0.380499259,0.328090593,0.310361654,0.356166111,0.349913248,0.274306989,0.26938546,0.392065458,0.428270339,0.29489948,0.288188164,0.344533377,0.317758586,0.485740607,0.502694285,0.359423115,0.368770991,0.291031272,0.267662759,0.35819292,0.394405789,0.407255066,0.530738525,0.284435114,0.237062098,0.250130072,0.447596882,0.274555705,0.380676255,0.351369905,0.360400296,0.406488206,0.254815289,0.406099675,0.419141314,0.34940706,0.361458862,0.324820999,0.357948435,0.363616698,0.406890222,0.286858873,0.308147789,0.297174718,0.343313443,0.303696588,0.265118465,0.481740029,0.347298799,0.326341599,0.356856803,0.327812534,0.402091948,0.395662586,0.274138913,0.415284175,0.450316315,0.250530662,0.304960023,0.254406849,0.326161724,0.224805479,0.274581212,0.273331525,0.374852162,0.321456932,0.293636165,0.281230247,0.265176212,0.392175383,0.39843019,0.266275239,0.23844344,0.213877862,0.344007685,0.322848496,0.329637146,0.334088229,0.374890893,0.359153161,0.270941251,0.28708238,0.303255069,0.334195232,0.273404644,0.446977707,0.245327992
408_IL,0.290369371,0.344142522,0.382055125,0.276954763,0.416510271,0.318457332,0.269215245,0,0.292757359,0.39863656,0.437173277,0.274270471,0.375953098,0.458610013,0.28476708,0.425688321,0.320804215,0.277454939,0.412319193,0.425229986,0.406593385,0.286749151,0.254478907,0.310110895,0.30129365,0.414107976,0.36425127,0.414814179,0.32937658,0.336801984,0.341361235,0.32973145,0.308449754,0.257658505,0.367170777,0.312419347,0.315950265,0.326215186,0.423587817,0.392367418,0.366027507,0.399310992,0.450505858,0.329959397,0.36631459,0.246072067,0.392022266,0.333302077,0.352797646,0.381417363,0.340375523,0.358491184,0.306825398,0.276238086,0.305315662,0.355366527,0.318056678,0.427520984,0.368137403,0.378049783,0.377809956,0.341710492,0.435719184,0.416557122,0.314805718,0.401802913,0.383600904,0.389231168,0.346378949,0.30502507,0.386967489,0.3177261,0.298635733,0.294262256,0.339893679,0.433231956,0.304440312,0.348516603,0.366506882,0.346008436,0.449256427,0.488922379,0.336121617,0.324815521,0.419974257,0.309685032,0.380097456,0.361887839,0.391801093,0.532240922,0.334415655,0.327843894,0.263732104,0.458821876,0.337564443,0.330150758,0.374685416,0.350947438,0.391998912,0.31818084,0.465724373,0.365827961,0.362929285,0.32768609,0.345891252,0.376220624,0.353345637,0.424537625,0.306026294,0.288006675,0.385770399,0.324391366,0.297744935,0.27126342,0.509755859,0.269922942,0.356032976,0.360330866,0.336379034,0.428409445,0.427658189,0.351708006,0.425576553,0.426061536,0.280163988,0.297465652,0.285082509,0.351769693,0.269300132,0.332713956,0.285478994,0.339683577,0.348780307,0.307755167,0.351799093,0.279381368,0.456059276,0.373632364,0.322241143,0.315252212,0.27727166,0.336465979,0.325096886,0.366305187,0.305104005,0.369443123,0.403911727,0.332864508,0.394646756,0.369657954,0.297274858,0.31309788,0.425164809,0.313058666
411_IC,0.275435633,0.288142597,0.327801996,0.225314282,0.432578591,0.338875322,0.230237337,0.292757359,0,0.338208566,0.412334877,0.358656351,0.304419014,0.374657311,0.305331671,0.439921728,0.310919006,0.298218447,0.366931612,0.374350161,0.411016587,0.261853315,0.277936146,0.303285099,0.275128092,0.328813414,0.269805657,0.414611893,0.368449573,0.334481457,0.312701933,0.368817817,0.268547513,0.364648761,0.283023266,0.262176507,0.312873588,0.308903795,0.292655643,0.360876794,0.357661081,0.373592795,0.402116325,0.282847255,0.34302823,0.261292605,0.397132107,0.441776943,0.356584642,0.421853821,0.369908709,0.272087279,0.353986565,0.306765588,0.245684469,0.289615752,0.255925092,0.396315575,0.362350234,0.421532594,0.369652041,0.316898871,0.430067263,0.472298249,0.336015435,0.358268135,0.348555002,0.346904192,0.313885765,0.302554655,0.332035738,0.358596595,0.292132933,0.301212191,0.369173797,0.43729827,0.3491611,0.374969461,0.326605121,0.35644393,0.501584253,0.450903746,0.38031478,0.405162698,0.357006341,0.245883497,0.356426586,0.396076235,0.394349152,0.544468085,0.304871335,0.268826748,0.270799911,0.426982401,0.274452609,0.332691544,0.38636133,0.31285607,0.386006989,0.328299757,0.420847001,0.381098905,0.388552455,0.369569729,0.340458489,0.32656739,0.390333557,0.368906637,0.314401099,0.306230426,0.332021179,0.307693467,0.299474953,0.324515733,0.507269036,0.377970883,0.339168526,0.365026995,0.365949442,0.381928367,0.368389431,0.307247239,0.384372952,0.409721572,0.306293041,0.281462522,0.330537522,0.324621312,0.245638032,0.275691409,0.306345187,0.320663051,0.340843039,0.269079263,0.256136194,0.28458272,0.360532642,0.344870333,0.341085088,0.311173656,0.246962235,0.310953451,0.323165354,0.300947834,0.367825478,0.367593464,0.359027784,0.323723871,0.363027702,0.351973322,0.276876835,0.323867258,0.42793944,0.308934023
411_IL,0.373232594,0.386259761,0.316023878,0.263888545,0.350275852,0.244267872,0.310787525,0.39863656,0.338208566,0,0.31496199,0.28225529,0.400234518,0.546378817,0.377027767,0.565613018,0.370104555,0.328285395,0.499853911,0.535836893,0.352501133,0.397582295,0.382414411,0.419018408,0.329682266,0.502044639,0.308312686,0.422383514,0.249864221,0.437116263,0.348454996,0.303763502,0.356462616,0.372899314,0.313623076,0.369389276,0.281329731,0.307131931,0.262205042,0.506124962,0.515144896,0.530238836,0.574475687,0.361305075,0.394217572,0.351735053,0.364401324,0.431017784,0.386013552,0.455434641,0.383011932,0.292330566,0.38541532,0.338521373,0.346381999,0.259385816,0.366483402,0.561180494,0.275452405,0.331337952,0.319954468,0.321077349,0.447361854,0.432171067,0.353944407,0.521378091,0.356699948,0.490552999,0.321609458,0.379195462,0.33651882,0.405857687,0.328708701,0.322162012,0.412705505,0.394575853,0.357697757,0.297353636,0.340349642,0.335700413,0.476313333,0.606596522,0.337289699,0.456536153,0.373751225,0.312048373,0.308286789,0.33692876,0.396614854,0.409884953,0.253901934,0.194889479,0.301573245,0.523602179,0.339162906,0.484710493,0.389172805,0.466177849,0.542252287,0.31350797,0.31188618,0.34403828,0.304636117,0.48312733,0.447072599,0.429323841,0.3118479,0.517115496,0.336250829,0.334490568,0.343812228,0.349154131,0.351724531,0.324554951,0.533235047,0.325531144,0.320256891,0.477979051,0.360205166,0.355185905,0.354493682,0.32175031,0.429966885,0.539835331,0.307658762,0.295978645,0.369935359,0.331771332,0.320963296,0.386577024,0.265554311,0.466762719,0.234241702,0.357208555,0.315106166,0.300244274,0.529558005,0.519709383,0.349495395,0.300011563,0.282553724,0.305905978,0.212785074,0.302725287,0.405819146,0.485202857,0.435482035,0.24079742,0.339965265,0.265793224,0.338668323,0.333179987,0.560760664,0.317559489
412_IC,0.381195425,0.45221305,0.36489765,0.317289883,0.263003436,0.344283146,0.403810502,0.437173277,0.412334877,0.31496199,0,0.290147642,0.313184195,0.551737693,0.365802708,0.59092054,0.426824351,0.367874385,0.543600408,0.581976051,0.224085875,0.380358815,0.39796902,0.425693157,0.346300914,0.514648502,0.377474024,0.486023802,0.253661866,0.481312727,0.315757337,0.359433192,0.354646024,0.379842803,0.340808295,0.398401019,0.329488629,0.363123533,0.344197537,0.527789478,0.542784289,0.555503332,0.514185962,0.400983043,0.372006211,0.388842968,0.373345144,0.339699857,0.409801996,0.467932419,0.295491846,0.386741635,0.355180323,0.290471782,0.398526287,0.29239196,0.379811068,0.582364013,0.324006661,0.423145921,0.230406215,0.375603073,0.48859057,0.379012381,0.370819756,0.554818761,0.210138074,0.49791899,0.34902436,0.436345218,0.391481997,0.424665755,0.385852581,0.383024297,0.41337077,0.450716015,0.375650442,0.335138639,0.318278366,0.403651334,0.426010714,0.539689584,0.264622163,0.504837346,0.310634788,0.311962654,0.355824403,0.410142363,0.380354779,0.450790359,0.284564622,0.276344298,0.358254036,0.483463311,0.42172042,0.520827837,0.30444128,0.481614918,0.55770177,0.356499039,0.360426175,0.330863363,0.264765239,0.514583653,0.467913577,0.475162819,0.35642897,0.539710741,0.29795456,0.339748026,0.345639762,0.401586236,0.32964626,0.33627877,0.510394189,0.369191555,0.285054669,0.469070751,0.272310406,0.38687867,0.243231093,0.38830436,0.390689084,0.549108209,0.291403019,0.340057099,0.34838363,0.354058372,0.375529876,0.416818141,0.296559134,0.504123284,0.29506351,0.405415525,0.33372563,0.328109913,0.54801264,0.537473274,0.227798037,0.3420828,0.381679954,0.359665149,0.247042699,0.417128062,0.327525397,0.495916264,0.357757649,0.30001081,0.329102425,0.311523919,0.385002074,0.34707356,0.573145342,0.332795458
412_IL,0.303161531,0.378111155,0.325057285,0.254781479,0.320583145,0.298054444,0.298315256,0.274270471,0.358656351,0.28225529,0.290147642,0,0.382599246,0.495180731,0.316934454,0.504172063,0.371311541,0.271898598,0.479454231,0.508497285,0.296600343,0.319439212,0.359008406,0.38714596,0.301653587,0.460881611,0.379512114,0.450109751,0.189824431,0.385912886,0.306558714,0.275028112,0.283521023,0.281075695,0.270045148,0.362600785,0.265838656,0.290745007,0.343952777,0.48674236,0.477467797,0.479352497,0.527496827,0.337594201,0.391823261,0.302276575,0.393491579,0.348808757,0.355861932,0.424722237,0.38240698,0.365050624,0.357650566,0.292982315,0.372444289,0.234703151,0.306144057,0.511113139,0.288403901,0.285742277,0.297141423,0.310363924,0.447427931,0.421695816,0.265481731,0.479252416,0.324738558,0.423246454,0.280450973,0.313947697,0.36143295,0.361375392,0.35623397,0.331360039,0.309602547,0.443441299,0.246778446,0.237715787,0.349037582,0.357376919,0.512326262,0.554919788,0.271905655,0.371973538,0.406051271,0.29531085,0.306194824,0.338964286,0.389841379,0.43552184,0.250135364,0.253135239,0.245010018,0.481693294,0.383652336,0.457092618,0.339653569,0.406754759,0.479075873,0.303489265,0.37450022,0.302738035,0.26641215,0.435322925,0.430188518,0.426883383,0.269470593,0.491462422,0.310941972,0.258692116,0.368679544,0.337413992,0.302048091,0.2289765,0.546786162,0.248990223,0.254701398,0.404520489,0.325118857,0.297677647,0.336919385,0.31888038,0.379352459,0.488324409,0.182359542,0.299951151,0.306121894,0.30281858,0.301895479,0.373610133,0.246283509,0.454111887,0.219595391,0.372346447,0.306235607,0.306553634,0.503387492,0.470152947,0.302826972,0.274214886,0.287166405,0.298576181,0.200249002,0.386413128,0.290137875,0.453707057,0.415603856,0.288429644,0.314053825,0.228403936,0.305737456,0.332608286,0.511824314,0.297025689
414_IC,0.289925133,0.349028985,0.438493613,0.282103937,0.292602542,0.317000401,0.320799384,0.375953098,0.304419014,0.400234518,0.313184195,0.382599246,0,0.439503729,0.296304761,0.516756162,0.411553316,0.316895606,0.462558301,0.485193427,0.254495618,0.275202251,0.36464679,0.347896471,0.279824998,0.405783525,0.338345737,0.422893865,0.331741303,0.366367523,0.320091515,0.417859247,0.314065957,0.336944202,0.324602358,0.327210274,0.284180371,0.303294922,0.304492169,0.434708062,0.419959063,0.453565462,0.385086971,0.337363529,0.292340957,0.328696175,0.38099053,0.331259288,0.365500514,0.456456805,0.300584876,0.290187265,0.294939097,0.298663211,0.37497885,0.292115462,0.237896974,0.469322351,0.385213509,0.41873697,0.288236933,0.234682173,0.497935374,0.358185585,0.287185824,0.426789605,0.26301775,0.384561291,0.342744412,0.357140584,0.374029093,0.370135446,0.336372776,0.326259957,0.381551162,0.453955697,0.297382898,0.350549069,0.351623513,0.390526638,0.441512607,0.460896544,0.270747973,0.432405257,0.246715494,0.263356982,0.317135844,0.389426912,0.406795902,0.534304036,0.364375284,0.351687371,0.294626199,0.44611194,0.299165495,0.417872267,0.348123909,0.393664541,0.454247211,0.310419486,0.430045247,0.417292249,0.348234711,0.42380246,0.391602874,0.442297826,0.37765308,0.441278855,0.301511681,0.325886115,0.237421239,0.339508379,0.281655775,0.305710362,0.487538429,0.378427653,0.301819749,0.383248373,0.22890335,0.350093919,0.237584566,0.337655129,0.389175383,0.475743981,0.288475371,0.246201797,0.308065146,0.326534715,0.311337552,0.315338721,0.264330133,0.418814979,0.363099314,0.29669806,0.24345575,0.304918227,0.43840426,0.42009107,0.204919403,0.305313054,0.308540623,0.314693192,0.329876869,0.367445956,0.292682416,0.379891975,0.262295356,0.275375282,0.330171768,0.39220605,0.330773151,0.313417306,0.491283388,0.31826948
414_IL,0.371481911,0.373130654,0.448980173,0.420030451,0.500436008,0.504313019,0.403077985,0.458610013,0.374657311,0.546378817,0.551737693,0.495180731,0.439503729,0,0.401848478,0.300582578,0.517985592,0.457411754,0.233641693,0.223519663,0.520048824,0.381608649,0.44175612,0.288423509,0.448479555,0.195771293,0.495627791,0.509023783,0.498162975,0.362128889,0.501652421,0.490788212,0.374612957,0.447644003,0.408052713,0.326812118,0.49806031,0.431183397,0.503010673,0.226419049,0.2519539,0.254332207,0.246281156,0.35916488,0.466995473,0.406910698,0.569874893,0.588124425,0.534810202,0.460381122,0.543123581,0.489365954,0.430673341,0.468835957,0.436671356,0.440183722,0.393430773,0.164335686,0.555462463,0.536463276,0.544574986,0.469007108,0.644730557,0.61730562,0.428692247,0.208163577,0.510403749,0.215469478,0.42503346,0.425168701,0.475076182,0.37643714,0.466875476,0.454671863,0.548908899,0.610837368,0.480938887,0.460706581,0.479618705,0.53155914,0.652438841,0.327324319,0.476204653,0.4645558,0.469950657,0.401339624,0.523193307,0.515797413,0.578949083,0.666460961,0.472870151,0.479851397,0.474648579,0.351909539,0.473189241,0.273265518,0.439934421,0.314977908,0.229439038,0.434453501,0.560132104,0.572868832,0.535944416,0.309368036,0.410228285,0.401575766,0.523849715,0.209708818,0.468497895,0.427061623,0.550245757,0.466940682,0.453375044,0.491578398,0.661704048,0.557342986,0.450176652,0.315250414,0.531134997,0.535021134,0.486383679,0.438524378,0.473684183,0.292641649,0.45523365,0.445442699,0.399848287,0.440904464,0.42063614,0.335639987,0.490243195,0.267550136,0.54468598,0.351701137,0.43745955,0.484557354,0.180319694,0.226414316,0.484523458,0.440442308,0.485869426,0.508554632,0.515754836,0.505985258,0.472281813,0.333618553,0.407309065,0.47059765,0.418325605,0.502926565,0.452214401,0.495505796,0.224494546,0.382543001
420_IC,0.266285608,0.330474754,0.377606673,0.249219722,0.396302109,0.305933201,0.255439362,0.28476708,0.305331671,0.377027767,0.365802708,0.316934454,0.296304761,0.401848478,0,0.448794076,0.342068148,0.325855121,0.41847484,0.426810612,0.330691774,0.246081862,0.321275921,0.33486698,0.309146878,0.363244214,0.336101662,0.423906434,0.288925888,0.352496798,0.296707099,0.330576016,0.274935113,0.288802252,0.289598862,0.30566631,0.310759868,0.313325906,0.407328382,0.37130386,0.348948877,0.372359982,0.396495539,0.305133427,0.312706778,0.288782761,0.378126482,0.420370528,0.398611414,0.42737974,0.371107526,0.346570185,0.283808152,0.287733853,0.265312229,0.299532712,0.241946489,0.405680807,0.362659809,0.414077829,0.346674581,0.330364619,0.485444929,0.459470291,0.279609455,0.38070886,0.298676902,0.351899662,0.30094091,0.327519041,0.372435256,0.361435763,0.272765145,0.291775779,0.411189285,0.462260184,0.254040417,0.298117443,0.343263354,0.354017197,0.500776239,0.512802484,0.371264231,0.40196913,0.319620253,0.228222864,0.379480664,0.443496699,0.420575237,0.530770546,0.320036125,0.284931159,0.269960209,0.427257645,0.350185206,0.38625861,0.315457138,0.360200409,0.381515267,0.296368627,0.480093563,0.442026623,0.363402735,0.366694379,0.391438435,0.417766922,0.383784472,0.417269418,0.294637727,0.300836222,0.366216233,0.351548657,0.280269602,0.28710185,0.567867982,0.379287419,0.325150951,0.341611206,0.339099007,0.403929853,0.377176997,0.315890888,0.423162761,0.45382514,0.267540362,0.291252141,0.196767177,0.318526659,0.273073747,0.283947926,0.305305534,0.374329251,0.355316314,0.311149663,0.289924456,0.306355769,0.429137425,0.37943144,0.280135739,0.277477705,0.251730813,0.358494029,0.32607278,0.35726387,0.260009828,0.338915216,0.390634277,0.310465414,0.271307063,0.37502723,0.357692028,0.290412924,0.41230553,0.23994545
420_IL,0.430160528,0.38091351,0.531532651,0.455255387,0.577694345,0.512562279,0.465242753,0.425688321,0.439921728,0.565613018,0.59092054,0.504172063,0.516756162,0.300582578,0.448794076,0,0.549972392,0.463211344,0.271119221,0.259442135,0.576273847,0.458867202,0.433329142,0.36981226,0.5011028,0.277850607,0.537722076,0.512866864,0.516006165,0.385330575,0.539367042,0.460081319,0.421974145,0.436058659,0.517610039,0.403861438,0.562269683,0.454848019,0.537791204,0.255249015,0.235820793,0.19378926,0.352610475,0.429237294,0.470807648,0.407083429,0.600432216,0.599744854,0.546889025,0.492260693,0.589015811,0.511020513,0.459425863,0.52678338,0.433893717,0.472370848,0.441936833,0.249279615,0.569904784,0.531400302,0.577908611,0.496809328,0.655799287,0.639183597,0.469562671,0.292949829,0.561516454,0.332965746,0.457028443,0.426797001,0.51550458,0.45159743,0.467391096,0.46102273,0.554244401,0.613940461,0.517877767,0.483740007,0.529919435,0.561137912,0.643597462,0.397224068,0.509935003,0.488635832,0.570687222,0.456150291,0.57009892,0.511781708,0.626185954,0.673414352,0.515045336,0.538053512,0.495062114,0.326294282,0.506834416,0.285896196,0.480163548,0.31185434,0.214044455,0.463708267,0.605828229,0.56107345,0.575409812,0.255368077,0.461538903,0.386466441,0.587210255,0.230132752,0.498268584,0.41943572,0.599107245,0.483172611,0.519295414,0.535720823,0.705953143,0.550113062,0.498513083,0.329789852,0.587054685,0.572821455,0.562625812,0.437477713,0.48975938,0.252039135,0.508942822,0.452776909,0.442239772,0.443851691,0.450713961,0.366993602,0.533680385,0.234426697,0.574419976,0.383953283,0.516307099,0.525528303,0.278038418,0.222261489,0.55192979,0.475074567,0.537169964,0.543250287,0.54575026,0.522637114,0.455176067,0.33586385,0.445513768,0.506809367,0.518007137,0.551209345,0.479303596,0.531404867,0.19748959,0.432302194
425_IC,0.378741639,0.378898915,0.411800375,0.301712829,0.467117517,0.373798534,0.284460344,0.320804215,0.310919006,0.370104555,0.426824351,0.371311541,0.411553316,0.517985592,0.342068148,0.549972392,0,0.320069714,0.485209411,0.503083879,0.44356981,0.355784092,0.313651033,0.372215306,0.323160093,0.47084261,0.253422748,0.37723113,0.377194252,0.410942822,0.245230721,0.447310483,0.348086631,0.332118047,0.380724745,0.371569726,0.306043024,0.332104713,0.335532536,0.479771555,0.466014751,0.491448816,0.545613727,0.38581202,0.407105332,0.356993111,0.313026169,0.396828613,0.427639245,0.382754048,0.360968609,0.347481597,0.383730877,0.315605673,0.318463629,0.396440801,0.342069127,0.532993666,0.373856906,0.423068035,0.424174428,0.380718748,0.286825007,0.438660599,0.365862225,0.482838488,0.358100558,0.464238664,0.42210544,0.429056104,0.444890129,0.453583054,0.346006965,0.367499219,0.29507012,0.344048157,0.341641726,0.400951866,0.342545622,0.32086466,0.415024994,0.485904248,0.45065049,0.278406644,0.392309616,0.332987601,0.397351026,0.430332143,0.273032491,0.466660828,0.340977671,0.311020125,0.34359655,0.572021847,0.293786651,0.472852643,0.462061548,0.457496172,0.512716187,0.360042127,0.41296895,0.386958902,0.339920514,0.464420902,0.3691464,0.417166879,0.393972024,0.499825489,0.311415284,0.326740114,0.365243867,0.337712447,0.323255031,0.298728721,0.37218389,0.337534662,0.392324724,0.437611571,0.360666048,0.456282275,0.478975801,0.357240167,0.429242005,0.513805257,0.279701896,0.352719959,0.368453224,0.413413582,0.318583853,0.386674608,0.299861826,0.464161604,0.347609112,0.396974367,0.374974743,0.29084037,0.500909257,0.498948851,0.338006872,0.341607786,0.248315321,0.345909821,0.375741448,0.372283388,0.40492522,0.445914358,0.455476541,0.332216547,0.392392433,0.366373978,0.337861167,0.33777156,0.539946309,0.34640226
425_IL,0.229941521,0.250593623,0.360330482,0.159980114,0.3726482,0.238990707,0.320397881,0.277454939,0.298218447,0.328285395,0.367874385,0.271898598,0.316895606,0.457411754,0.325855121,0.463211344,0.320069714,0,0.421115931,0.463511087,0.353204075,0.237858921,0.298278957,0.301709335,0.15642326,0.37978782,0.298242139,0.368058411,0.299855332,0.277047924,0.293013797,0.295025803,0.277183267,0.246769192,0.33889852,0.287710532,0.234487759,0.196074766,0.338776179,0.391736347,0.398898453,0.424195084,0.483604054,0.273888536,0.353422772,0.214405217,0.341897953,0.332878937,0.329715449,0.326114088,0.365177883,0.268721637,0.28528732,0.225694308,0.282480429,0.281902249,0.254791934,0.466646526,0.343149467,0.353707081,0.339712979,0.160766241,0.435066212,0.413732661,0.260143856,0.434171948,0.29383718,0.354034737,0.328163551,0.342534945,0.371255055,0.331709633,0.346820878,0.27732699,0.26703625,0.402246027,0.27236411,0.330149339,0.264394877,0.301495588,0.479247978,0.471360118,0.338341017,0.323288243,0.37750463,0.196799473,0.300530229,0.296983866,0.354319863,0.403759266,0.301237768,0.319430753,0.255768481,0.473985132,0.286115655,0.357285977,0.428805934,0.341236936,0.437150419,0.220254071,0.365090178,0.318965646,0.275944559,0.344376561,0.299649211,0.329221861,0.332385707,0.413770638,0.232612404,0.168466425,0.324974612,0.202097507,0.181666287,0.192816692,0.531244553,0.24923068,0.256543151,0.338360892,0.285626664,0.313401629,0.330207341,0.287677536,0.349074637,0.436170136,0.190490235,0.216966775,0.322212108,0.224614622,0.247348771,0.245051605,0.217217547,0.355323452,0.281589212,0.256823303,0.251226094,0.236293998,0.433831511,0.4138386,0.278026643,0.22967236,0.238755422,0.172293296,0.251169259,0.235430404,0.315909925,0.365486582,0.317197445,0.246288801,0.365269659,0.318450288,0.155770984,0.25314962,0.463085749,0.28459749
427_IC,0.353173431,0.316972219,0.464441808,0.412867154,0.495682068,0.476427178,0.383828517,0.412319193,0.366931612,0.499853911,0.543600408,0.479454231,0.462558301,0.233641693,0.41847484,0.271119221,0.485209411,0.421115931,0,0.136409638,0.502117609,0.392520997,0.332531945,0.294955276,0.452913983,0.263493327,0.46719788,0.482148803,0.462521994,0.329853979,0.495700752,0.415722814,0.356309758,0.389171014,0.45005345,0.335179613,0.496681622,0.40452766,0.455013184,0.247586038,0.241533294,0.227555027,0.266028713,0.34185252,0.372827912,0.395540896,0.56196248,0.5634563,0.517256027,0.41904252,0.545425652,0.459702579,0.395652024,0.484329007,0.364448619,0.436116876,0.386765865,0.204262744,0.485789993,0.517262921,0.529952453,0.456218637,0.605955795,0.612039094,0.420326541,0.187576318,0.502672524,0.244446864,0.443912508,0.425621647,0.444293478,0.374872248,0.406955882,0.430658592,0.523601393,0.60206674,0.478981651,0.45170515,0.452934108,0.515083044,0.606019546,0.310310842,0.452401948,0.484538307,0.500919304,0.421546974,0.512023161,0.471982615,0.573539725,0.647128027,0.445838005,0.458013815,0.462638352,0.323464224,0.438848868,0.209920395,0.42822357,0.292253435,0.218856908,0.427499818,0.51401426,0.550906608,0.525792011,0.271697819,0.389037669,0.341466608,0.541453431,0.251789913,0.452006307,0.408866638,0.528436622,0.444038043,0.455722519,0.48789266,0.658098171,0.529454324,0.456258171,0.303529262,0.531670667,0.53005147,0.501284788,0.383661575,0.456838139,0.295506824,0.459027391,0.419733996,0.376754915,0.432946474,0.389074007,0.338485763,0.481138478,0.242739267,0.494613531,0.342346821,0.456410533,0.481768213,0.175700813,0.218019073,0.483919155,0.426573738,0.460317431,0.496935899,0.50375815,0.473549756,0.439230277,0.293083968,0.399952548,0.466608042,0.45131733,0.495451718,0.410516599,0.470792603,0.196423019,0.391814468
427_IL,0.388517063,0.340610673,0.48383083,0.455432998,0.534204593,0.510738444,0.399703973,0.425229986,0.374350161,0.535836893,0.581976051,0.508497285,0.485193427,0.223519663,0.426810612,0.259442135,0.503083879,0.463511087,0.136409638,0,0.541946752,0.425773086,0.360698115,0.304849175,0.463408052,0.239597031,0.48992498,0.50666037,0.487557318,0.356063698,0.52076181,0.448677309,0.393143245,0.423709815,0.474933636,0.357679156,0.54084427,0.445099188,0.4923409,0.227614957,0.231652156,0.202416388,0.259665108,0.37731898,0.415189471,0.408460779,0.588006985,0.605406389,0.534672237,0.452572134,0.565043661,0.492997958,0.435626983,0.500108845,0.397270215,0.456468012,0.411639449,0.159299277,0.520644627,0.535531656,0.557964716,0.493017323,0.626638074,0.638321443,0.432938164,0.203609745,0.549524651,0.275422474,0.453691412,0.435045463,0.45764052,0.421565062,0.434087981,0.469734381,0.557173128,0.621561817,0.498992903,0.481183381,0.497643458,0.546163983,0.640416676,0.336157926,0.491718981,0.49858998,0.524624798,0.448296642,0.540233453,0.498524962,0.602086085,0.670501851,0.460650697,0.486808405,0.502407024,0.300163366,0.467338625,0.227106692,0.45321311,0.269041947,0.179356557,0.442360827,0.562613039,0.587908574,0.542647807,0.28222634,0.406919597,0.372667989,0.559391927,0.239285839,0.487361297,0.424532418,0.54430323,0.46910448,0.48840568,0.510348981,0.671355183,0.564662168,0.474691987,0.319724261,0.56553464,0.563046827,0.536987549,0.421263481,0.460241291,0.317853073,0.490930123,0.44997703,0.410051219,0.442724157,0.401534365,0.367324875,0.512891741,0.253724259,0.533920867,0.378715444,0.497366056,0.519587332,0.170263421,0.194950358,0.519844675,0.464956131,0.486881963,0.533650075,0.537174177,0.515959203,0.467993151,0.318484541,0.436285127,0.504834448,0.481605961,0.509187052,0.460005942,0.515762481,0.176572347,0.417758535
428_IC,0.296242502,0.421742829,0.323043978,0.336144485,0.190695427,0.313432493,0.380180911,0.406593385,0.411016587,0.352501133,0.224085875,0.296600343,0.254495618,0.520048824,0.330691774,0.576273847,0.44356981,0.353204075,0.502117609,0.541946752,0,0.297865198,0.395903811,0.424129136,0.343665009,0.488866716,0.406850576,0.50736642,0.221238416,0.426885074,0.346116505,0.354135621,0.345082957,0.364242028,0.315441904,0.401059951,0.308582325,0.35084242,0.374742185,0.518390683,0.473208507,0.512906533,0.490819487,0.388937912,0.299633405,0.374696462,0.432243477,0.329297565,0.438955342,0.49745563,0.357474404,0.400544925,0.341502838,0.346383148,0.392420738,0.291407117,0.292651933,0.54231296,0.30674547,0.423897051,0.17939727,0.311234516,0.538628016,0.421699178,0.290759038,0.489534206,0.284089334,0.448061619,0.303261141,0.40859042,0.325636156,0.393917601,0.349159152,0.331136676,0.450545062,0.507224924,0.317957956,0.312379525,0.387892626,0.412265336,0.470899673,0.533727461,0.248652007,0.461632901,0.267983212,0.320508326,0.310206734,0.398601292,0.449919522,0.485502138,0.316604195,0.265822211,0.344477456,0.449715869,0.405471188,0.499488607,0.285484557,0.46091631,0.513915314,0.322700946,0.380225111,0.401556139,0.270946497,0.492217698,0.435934788,0.489404637,0.311157447,0.528081924,0.267689446,0.327957552,0.276419019,0.363400554,0.267672706,0.31548633,0.538857518,0.38432324,0.254626376,0.439035268,0.264134418,0.35926094,0.191200211,0.376395075,0.386275058,0.560306218,0.310830228,0.313813855,0.314783489,0.359675966,0.356800634,0.416731821,0.318047102,0.494801528,0.268309761,0.414770247,0.30302633,0.338519109,0.501322051,0.491945928,0.239537326,0.363867791,0.361688956,0.381318483,0.218202607,0.42455387,0.314734844,0.443407741,0.347836688,0.345301546,0.25797494,0.285670712,0.403491004,0.387970106,0.539827615,0.323703255
